# Static simulation
# Job: job_0002
# Scale: global
# Data key: R_cond
# Timestamp (runner starts): 2025-05-06_15-47-56
# Data:
0.000000e+00
-2.980232e-08
0.000000e+00
0.000000e+00
0.000000e+00
2.980232e-08
0.000000e+00
-1.788139e-07
0.000000e+00
0.000000e+00
0.000000e+00
-7.450581e-08
0.000000e+00
2.384186e-07
0.000000e+00
0.000000e+00
0.000000e+00
-2.980232e-08
0.000000e+00
1.788139e-07
0.000000e+00
0.000000e+00
0.000000e+00
-1.192093e-07
0.000000e+00
5.960464e-07
0.000000e+00
0.000000e+00
0.000000e+00
2.086163e-07
0.000000e+00
3.576279e-07
0.000000e+00
0.000000e+00
0.000000e+00
5.960464e-07
0.000000e+00
-2.384186e-07
0.000000e+00
0.000000e+00
0.000000e+00
5.960464e-07
0.000000e+00
-7.152557e-07
0.000000e+00
0.000000e+00
0.000000e+00
2.384186e-07
0.000000e+00
1.549721e-06
0.000000e+00
0.000000e+00
0.000000e+00
-5.960464e-07
0.000000e+00
-5.960464e-07
0.000000e+00
0.000000e+00
0.000000e+00
2.682209e-07
