Force Vector: global_F

0.00e+00
0.00e+00
0.00e+00
0.00e+00
0.00e+00
0.00e+00
0.00e+00
0.00e+00
0.00e+00
0.00e+00
0.00e+00
0.00e+00
0.00e+00
0.00e+00
0.00e+00
0.00e+00
0.00e+00
0.00e+00
0.00e+00
0.00e+00
0.00e+00
0.00e+00
0.00e+00
0.00e+00
0.00e+00
0.00e+00
0.00e+00
0.00e+00
0.00e+00
0.00e+00
0.00e+00
2.00e+03
0.00e+00
0.00e+00
0.00e+00
0.00e+00
0.00e+00
-3.00e+03
0.00e+00
0.00e+00
0.00e+00
0.00e+00
0.00e+00
0.00e+00
0.00e+00
0.00e+00
0.00e+00
0.00e+00
0.00e+00
0.00e+00
0.00e+00
0.00e+00
0.00e+00
0.00e+00
0.00e+00
0.00e+00
0.00e+00
0.00e+00
0.00e+00
0.00e+00
0.00e+00
0.00e+00
0.00e+00
0.00e+00
0.00e+00
0.00e+00