Force Vector: global_F

0.00e+00
-3.57e+00
0.00e+00
0.00e+00
0.00e+00
0.00e+00
0.00e+00
3.33e-01
0.00e+00
0.00e+00
0.00e+00
0.00e+00
0.00e+00
2.78e+00
0.00e+00
0.00e+00
0.00e+00
0.00e+00
0.00e+00
2.40e+00
0.00e+00
0.00e+00
0.00e+00
0.00e+00
0.00e+00
1.57e+00
0.00e+00
0.00e+00
0.00e+00
0.00e+00
0.00e+00
9.34e-01
0.00e+00
0.00e+00
0.00e+00
0.00e+00
0.00e+00
5.32e-01
0.00e+00
0.00e+00
0.00e+00
0.00e+00
0.00e+00
2.97e-01
0.00e+00
0.00e+00
0.00e+00
0.00e+00
0.00e+00
1.59e-01
0.00e+00
0.00e+00
0.00e+00
0.00e+00
0.00e+00
1.69e-01
0.00e+00
0.00e+00
0.00e+00
0.00e+00