# Static simulation
# Job: job_0002
# Scale: global
# Data key: K_cond
# Timestamp (runner starts): 2025-02-21_12-17-11
# Data:
0, 0, 1.000000e+12
0, 1, 0.000000e+00
0, 2, 0.000000e+00
0, 3, 0.000000e+00
0, 4, 0.000000e+00
0, 5, 0.000000e+00
0, 6, 0.000000e+00
0, 7, 0.000000e+00
0, 8, 0.000000e+00
0, 9, 0.000000e+00
0, 10, 0.000000e+00
0, 11, 0.000000e+00
0, 12, 0.000000e+00
0, 13, 0.000000e+00
0, 14, 0.000000e+00
0, 15, 0.000000e+00
0, 16, 0.000000e+00
0, 17, 0.000000e+00
0, 18, 0.000000e+00
0, 19, 0.000000e+00
0, 20, 0.000000e+00
0, 21, 0.000000e+00
0, 22, 0.000000e+00
0, 23, 0.000000e+00
0, 24, 0.000000e+00
0, 25, 0.000000e+00
0, 26, 0.000000e+00
0, 27, 0.000000e+00
0, 28, 0.000000e+00
0, 29, 0.000000e+00
0, 30, 0.000000e+00
0, 31, 0.000000e+00
0, 32, 0.000000e+00
0, 33, 0.000000e+00
0, 34, 0.000000e+00
0, 35, 0.000000e+00
0, 36, 0.000000e+00
0, 37, 0.000000e+00
0, 38, 0.000000e+00
0, 39, 0.000000e+00
0, 40, 0.000000e+00
0, 41, 0.000000e+00
0, 42, 0.000000e+00
0, 43, 0.000000e+00
0, 44, 0.000000e+00
0, 45, 0.000000e+00
0, 46, 0.000000e+00
0, 47, 0.000000e+00
0, 48, 0.000000e+00
0, 49, 0.000000e+00
0, 50, 0.000000e+00
0, 51, 0.000000e+00
0, 52, 0.000000e+00
0, 53, 0.000000e+00
0, 54, 0.000000e+00
0, 55, 0.000000e+00
0, 56, 0.000000e+00
0, 57, 0.000000e+00
0, 58, 0.000000e+00
0, 59, 0.000000e+00
0, 60, 0.000000e+00
0, 61, 0.000000e+00
0, 62, 0.000000e+00
0, 63, 0.000000e+00
0, 64, 0.000000e+00
0, 65, 0.000000e+00
0, 66, 0.000000e+00
0, 67, 0.000000e+00
0, 68, 0.000000e+00
0, 69, 0.000000e+00
0, 70, 0.000000e+00
0, 71, 0.000000e+00
0, 72, 0.000000e+00
0, 73, 0.000000e+00
0, 74, 0.000000e+00
0, 75, 0.000000e+00
0, 76, 0.000000e+00
0, 77, 0.000000e+00
0, 78, 0.000000e+00
0, 79, 0.000000e+00
0, 80, 0.000000e+00
0, 81, 0.000000e+00
0, 82, 0.000000e+00
0, 83, 0.000000e+00
0, 84, 0.000000e+00
0, 85, 0.000000e+00
0, 86, 0.000000e+00
0, 87, 0.000000e+00
0, 88, 0.000000e+00
0, 89, 0.000000e+00
0, 90, 0.000000e+00
0, 91, 0.000000e+00
0, 92, 0.000000e+00
0, 93, 0.000000e+00
0, 94, 0.000000e+00
0, 95, 0.000000e+00
0, 96, 0.000000e+00
0, 97, 0.000000e+00
0, 98, 0.000000e+00
0, 99, 0.000000e+00
0, 100, 0.000000e+00
0, 101, 0.000000e+00
0, 102, 0.000000e+00
0, 103, 0.000000e+00
1, 0, 0.000000e+00
1, 1, 1.000000e+12
1, 2, 0.000000e+00
1, 3, 0.000000e+00
1, 4, 0.000000e+00
1, 5, 0.000000e+00
1, 6, 0.000000e+00
1, 7, 0.000000e+00
1, 8, 0.000000e+00
1, 9, 0.000000e+00
1, 10, 0.000000e+00
1, 11, 0.000000e+00
1, 12, 0.000000e+00
1, 13, 0.000000e+00
1, 14, 0.000000e+00
1, 15, 0.000000e+00
1, 16, 0.000000e+00
1, 17, 0.000000e+00
1, 18, 0.000000e+00
1, 19, 0.000000e+00
1, 20, 0.000000e+00
1, 21, 0.000000e+00
1, 22, 0.000000e+00
1, 23, 0.000000e+00
1, 24, 0.000000e+00
1, 25, 0.000000e+00
1, 26, 0.000000e+00
1, 27, 0.000000e+00
1, 28, 0.000000e+00
1, 29, 0.000000e+00
1, 30, 0.000000e+00
1, 31, 0.000000e+00
1, 32, 0.000000e+00
1, 33, 0.000000e+00
1, 34, 0.000000e+00
1, 35, 0.000000e+00
1, 36, 0.000000e+00
1, 37, 0.000000e+00
1, 38, 0.000000e+00
1, 39, 0.000000e+00
1, 40, 0.000000e+00
1, 41, 0.000000e+00
1, 42, 0.000000e+00
1, 43, 0.000000e+00
1, 44, 0.000000e+00
1, 45, 0.000000e+00
1, 46, 0.000000e+00
1, 47, 0.000000e+00
1, 48, 0.000000e+00
1, 49, 0.000000e+00
1, 50, 0.000000e+00
1, 51, 0.000000e+00
1, 52, 0.000000e+00
1, 53, 0.000000e+00
1, 54, 0.000000e+00
1, 55, 0.000000e+00
1, 56, 0.000000e+00
1, 57, 0.000000e+00
1, 58, 0.000000e+00
1, 59, 0.000000e+00
1, 60, 0.000000e+00
1, 61, 0.000000e+00
1, 62, 0.000000e+00
1, 63, 0.000000e+00
1, 64, 0.000000e+00
1, 65, 0.000000e+00
1, 66, 0.000000e+00
1, 67, 0.000000e+00
1, 68, 0.000000e+00
1, 69, 0.000000e+00
1, 70, 0.000000e+00
1, 71, 0.000000e+00
1, 72, 0.000000e+00
1, 73, 0.000000e+00
1, 74, 0.000000e+00
1, 75, 0.000000e+00
1, 76, 0.000000e+00
1, 77, 0.000000e+00
1, 78, 0.000000e+00
1, 79, 0.000000e+00
1, 80, 0.000000e+00
1, 81, 0.000000e+00
1, 82, 0.000000e+00
1, 83, 0.000000e+00
1, 84, 0.000000e+00
1, 85, 0.000000e+00
1, 86, 0.000000e+00
1, 87, 0.000000e+00
1, 88, 0.000000e+00
1, 89, 0.000000e+00
1, 90, 0.000000e+00
1, 91, 0.000000e+00
1, 92, 0.000000e+00
1, 93, 0.000000e+00
1, 94, 0.000000e+00
1, 95, 0.000000e+00
1, 96, 0.000000e+00
1, 97, 0.000000e+00
1, 98, 0.000000e+00
1, 99, 0.000000e+00
1, 100, 0.000000e+00
1, 101, 0.000000e+00
1, 102, 0.000000e+00
1, 103, 0.000000e+00
2, 0, 0.000000e+00
2, 1, 0.000000e+00
2, 2, 1.000000e+12
2, 3, 0.000000e+00
2, 4, 0.000000e+00
2, 5, 0.000000e+00
2, 6, 0.000000e+00
2, 7, 0.000000e+00
2, 8, 0.000000e+00
2, 9, 0.000000e+00
2, 10, 0.000000e+00
2, 11, 0.000000e+00
2, 12, 0.000000e+00
2, 13, 0.000000e+00
2, 14, 0.000000e+00
2, 15, 0.000000e+00
2, 16, 0.000000e+00
2, 17, 0.000000e+00
2, 18, 0.000000e+00
2, 19, 0.000000e+00
2, 20, 0.000000e+00
2, 21, 0.000000e+00
2, 22, 0.000000e+00
2, 23, 0.000000e+00
2, 24, 0.000000e+00
2, 25, 0.000000e+00
2, 26, 0.000000e+00
2, 27, 0.000000e+00
2, 28, 0.000000e+00
2, 29, 0.000000e+00
2, 30, 0.000000e+00
2, 31, 0.000000e+00
2, 32, 0.000000e+00
2, 33, 0.000000e+00
2, 34, 0.000000e+00
2, 35, 0.000000e+00
2, 36, 0.000000e+00
2, 37, 0.000000e+00
2, 38, 0.000000e+00
2, 39, 0.000000e+00
2, 40, 0.000000e+00
2, 41, 0.000000e+00
2, 42, 0.000000e+00
2, 43, 0.000000e+00
2, 44, 0.000000e+00
2, 45, 0.000000e+00
2, 46, 0.000000e+00
2, 47, 0.000000e+00
2, 48, 0.000000e+00
2, 49, 0.000000e+00
2, 50, 0.000000e+00
2, 51, 0.000000e+00
2, 52, 0.000000e+00
2, 53, 0.000000e+00
2, 54, 0.000000e+00
2, 55, 0.000000e+00
2, 56, 0.000000e+00
2, 57, 0.000000e+00
2, 58, 0.000000e+00
2, 59, 0.000000e+00
2, 60, 0.000000e+00
2, 61, 0.000000e+00
2, 62, 0.000000e+00
2, 63, 0.000000e+00
2, 64, 0.000000e+00
2, 65, 0.000000e+00
2, 66, 0.000000e+00
2, 67, 0.000000e+00
2, 68, 0.000000e+00
2, 69, 0.000000e+00
2, 70, 0.000000e+00
2, 71, 0.000000e+00
2, 72, 0.000000e+00
2, 73, 0.000000e+00
2, 74, 0.000000e+00
2, 75, 0.000000e+00
2, 76, 0.000000e+00
2, 77, 0.000000e+00
2, 78, 0.000000e+00
2, 79, 0.000000e+00
2, 80, 0.000000e+00
2, 81, 0.000000e+00
2, 82, 0.000000e+00
2, 83, 0.000000e+00
2, 84, 0.000000e+00
2, 85, 0.000000e+00
2, 86, 0.000000e+00
2, 87, 0.000000e+00
2, 88, 0.000000e+00
2, 89, 0.000000e+00
2, 90, 0.000000e+00
2, 91, 0.000000e+00
2, 92, 0.000000e+00
2, 93, 0.000000e+00
2, 94, 0.000000e+00
2, 95, 0.000000e+00
2, 96, 0.000000e+00
2, 97, 0.000000e+00
2, 98, 0.000000e+00
2, 99, 0.000000e+00
2, 100, 0.000000e+00
2, 101, 0.000000e+00
2, 102, 0.000000e+00
2, 103, 0.000000e+00
3, 0, 0.000000e+00
3, 1, 0.000000e+00
3, 2, 0.000000e+00
3, 3, 1.000000e+12
3, 4, 0.000000e+00
3, 5, 0.000000e+00
3, 6, 0.000000e+00
3, 7, 0.000000e+00
3, 8, 0.000000e+00
3, 9, 0.000000e+00
3, 10, 0.000000e+00
3, 11, 0.000000e+00
3, 12, 0.000000e+00
3, 13, 0.000000e+00
3, 14, 0.000000e+00
3, 15, 0.000000e+00
3, 16, 0.000000e+00
3, 17, 0.000000e+00
3, 18, 0.000000e+00
3, 19, 0.000000e+00
3, 20, 0.000000e+00
3, 21, 0.000000e+00
3, 22, 0.000000e+00
3, 23, 0.000000e+00
3, 24, 0.000000e+00
3, 25, 0.000000e+00
3, 26, 0.000000e+00
3, 27, 0.000000e+00
3, 28, 0.000000e+00
3, 29, 0.000000e+00
3, 30, 0.000000e+00
3, 31, 0.000000e+00
3, 32, 0.000000e+00
3, 33, 0.000000e+00
3, 34, 0.000000e+00
3, 35, 0.000000e+00
3, 36, 0.000000e+00
3, 37, 0.000000e+00
3, 38, 0.000000e+00
3, 39, 0.000000e+00
3, 40, 0.000000e+00
3, 41, 0.000000e+00
3, 42, 0.000000e+00
3, 43, 0.000000e+00
3, 44, 0.000000e+00
3, 45, 0.000000e+00
3, 46, 0.000000e+00
3, 47, 0.000000e+00
3, 48, 0.000000e+00
3, 49, 0.000000e+00
3, 50, 0.000000e+00
3, 51, 0.000000e+00
3, 52, 0.000000e+00
3, 53, 0.000000e+00
3, 54, 0.000000e+00
3, 55, 0.000000e+00
3, 56, 0.000000e+00
3, 57, 0.000000e+00
3, 58, 0.000000e+00
3, 59, 0.000000e+00
3, 60, 0.000000e+00
3, 61, 0.000000e+00
3, 62, 0.000000e+00
3, 63, 0.000000e+00
3, 64, 0.000000e+00
3, 65, 0.000000e+00
3, 66, 0.000000e+00
3, 67, 0.000000e+00
3, 68, 0.000000e+00
3, 69, 0.000000e+00
3, 70, 0.000000e+00
3, 71, 0.000000e+00
3, 72, 0.000000e+00
3, 73, 0.000000e+00
3, 74, 0.000000e+00
3, 75, 0.000000e+00
3, 76, 0.000000e+00
3, 77, 0.000000e+00
3, 78, 0.000000e+00
3, 79, 0.000000e+00
3, 80, 0.000000e+00
3, 81, 0.000000e+00
3, 82, 0.000000e+00
3, 83, 0.000000e+00
3, 84, 0.000000e+00
3, 85, 0.000000e+00
3, 86, 0.000000e+00
3, 87, 0.000000e+00
3, 88, 0.000000e+00
3, 89, 0.000000e+00
3, 90, 0.000000e+00
3, 91, 0.000000e+00
3, 92, 0.000000e+00
3, 93, 0.000000e+00
3, 94, 0.000000e+00
3, 95, 0.000000e+00
3, 96, 0.000000e+00
3, 97, 0.000000e+00
3, 98, 0.000000e+00
3, 99, 0.000000e+00
3, 100, 0.000000e+00
3, 101, 0.000000e+00
3, 102, 0.000000e+00
3, 103, 0.000000e+00
4, 0, 0.000000e+00
4, 1, 0.000000e+00
4, 2, 0.000000e+00
4, 3, 0.000000e+00
4, 4, 1.000000e+12
4, 5, 0.000000e+00
4, 6, 0.000000e+00
4, 7, 0.000000e+00
4, 8, 0.000000e+00
4, 9, 0.000000e+00
4, 10, 0.000000e+00
4, 11, 0.000000e+00
4, 12, 0.000000e+00
4, 13, 0.000000e+00
4, 14, 0.000000e+00
4, 15, 0.000000e+00
4, 16, 0.000000e+00
4, 17, 0.000000e+00
4, 18, 0.000000e+00
4, 19, 0.000000e+00
4, 20, 0.000000e+00
4, 21, 0.000000e+00
4, 22, 0.000000e+00
4, 23, 0.000000e+00
4, 24, 0.000000e+00
4, 25, 0.000000e+00
4, 26, 0.000000e+00
4, 27, 0.000000e+00
4, 28, 0.000000e+00
4, 29, 0.000000e+00
4, 30, 0.000000e+00
4, 31, 0.000000e+00
4, 32, 0.000000e+00
4, 33, 0.000000e+00
4, 34, 0.000000e+00
4, 35, 0.000000e+00
4, 36, 0.000000e+00
4, 37, 0.000000e+00
4, 38, 0.000000e+00
4, 39, 0.000000e+00
4, 40, 0.000000e+00
4, 41, 0.000000e+00
4, 42, 0.000000e+00
4, 43, 0.000000e+00
4, 44, 0.000000e+00
4, 45, 0.000000e+00
4, 46, 0.000000e+00
4, 47, 0.000000e+00
4, 48, 0.000000e+00
4, 49, 0.000000e+00
4, 50, 0.000000e+00
4, 51, 0.000000e+00
4, 52, 0.000000e+00
4, 53, 0.000000e+00
4, 54, 0.000000e+00
4, 55, 0.000000e+00
4, 56, 0.000000e+00
4, 57, 0.000000e+00
4, 58, 0.000000e+00
4, 59, 0.000000e+00
4, 60, 0.000000e+00
4, 61, 0.000000e+00
4, 62, 0.000000e+00
4, 63, 0.000000e+00
4, 64, 0.000000e+00
4, 65, 0.000000e+00
4, 66, 0.000000e+00
4, 67, 0.000000e+00
4, 68, 0.000000e+00
4, 69, 0.000000e+00
4, 70, 0.000000e+00
4, 71, 0.000000e+00
4, 72, 0.000000e+00
4, 73, 0.000000e+00
4, 74, 0.000000e+00
4, 75, 0.000000e+00
4, 76, 0.000000e+00
4, 77, 0.000000e+00
4, 78, 0.000000e+00
4, 79, 0.000000e+00
4, 80, 0.000000e+00
4, 81, 0.000000e+00
4, 82, 0.000000e+00
4, 83, 0.000000e+00
4, 84, 0.000000e+00
4, 85, 0.000000e+00
4, 86, 0.000000e+00
4, 87, 0.000000e+00
4, 88, 0.000000e+00
4, 89, 0.000000e+00
4, 90, 0.000000e+00
4, 91, 0.000000e+00
4, 92, 0.000000e+00
4, 93, 0.000000e+00
4, 94, 0.000000e+00
4, 95, 0.000000e+00
4, 96, 0.000000e+00
4, 97, 0.000000e+00
4, 98, 0.000000e+00
4, 99, 0.000000e+00
4, 100, 0.000000e+00
4, 101, 0.000000e+00
4, 102, 0.000000e+00
4, 103, 0.000000e+00
5, 0, 0.000000e+00
5, 1, 0.000000e+00
5, 2, 0.000000e+00
5, 3, 0.000000e+00
5, 4, 0.000000e+00
5, 5, 1.000000e+12
5, 6, 0.000000e+00
5, 7, 0.000000e+00
5, 8, 0.000000e+00
5, 9, 0.000000e+00
5, 10, 0.000000e+00
5, 11, 0.000000e+00
5, 12, 0.000000e+00
5, 13, 0.000000e+00
5, 14, 0.000000e+00
5, 15, 0.000000e+00
5, 16, 0.000000e+00
5, 17, 0.000000e+00
5, 18, 0.000000e+00
5, 19, 0.000000e+00
5, 20, 0.000000e+00
5, 21, 0.000000e+00
5, 22, 0.000000e+00
5, 23, 0.000000e+00
5, 24, 0.000000e+00
5, 25, 0.000000e+00
5, 26, 0.000000e+00
5, 27, 0.000000e+00
5, 28, 0.000000e+00
5, 29, 0.000000e+00
5, 30, 0.000000e+00
5, 31, 0.000000e+00
5, 32, 0.000000e+00
5, 33, 0.000000e+00
5, 34, 0.000000e+00
5, 35, 0.000000e+00
5, 36, 0.000000e+00
5, 37, 0.000000e+00
5, 38, 0.000000e+00
5, 39, 0.000000e+00
5, 40, 0.000000e+00
5, 41, 0.000000e+00
5, 42, 0.000000e+00
5, 43, 0.000000e+00
5, 44, 0.000000e+00
5, 45, 0.000000e+00
5, 46, 0.000000e+00
5, 47, 0.000000e+00
5, 48, 0.000000e+00
5, 49, 0.000000e+00
5, 50, 0.000000e+00
5, 51, 0.000000e+00
5, 52, 0.000000e+00
5, 53, 0.000000e+00
5, 54, 0.000000e+00
5, 55, 0.000000e+00
5, 56, 0.000000e+00
5, 57, 0.000000e+00
5, 58, 0.000000e+00
5, 59, 0.000000e+00
5, 60, 0.000000e+00
5, 61, 0.000000e+00
5, 62, 0.000000e+00
5, 63, 0.000000e+00
5, 64, 0.000000e+00
5, 65, 0.000000e+00
5, 66, 0.000000e+00
5, 67, 0.000000e+00
5, 68, 0.000000e+00
5, 69, 0.000000e+00
5, 70, 0.000000e+00
5, 71, 0.000000e+00
5, 72, 0.000000e+00
5, 73, 0.000000e+00
5, 74, 0.000000e+00
5, 75, 0.000000e+00
5, 76, 0.000000e+00
5, 77, 0.000000e+00
5, 78, 0.000000e+00
5, 79, 0.000000e+00
5, 80, 0.000000e+00
5, 81, 0.000000e+00
5, 82, 0.000000e+00
5, 83, 0.000000e+00
5, 84, 0.000000e+00
5, 85, 0.000000e+00
5, 86, 0.000000e+00
5, 87, 0.000000e+00
5, 88, 0.000000e+00
5, 89, 0.000000e+00
5, 90, 0.000000e+00
5, 91, 0.000000e+00
5, 92, 0.000000e+00
5, 93, 0.000000e+00
5, 94, 0.000000e+00
5, 95, 0.000000e+00
5, 96, 0.000000e+00
5, 97, 0.000000e+00
5, 98, 0.000000e+00
5, 99, 0.000000e+00
5, 100, 0.000000e+00
5, 101, 0.000000e+00
5, 102, 0.000000e+00
5, 103, 0.000000e+00
6, 0, 0.000000e+00
6, 1, 0.000000e+00
6, 2, 0.000000e+00
6, 3, 0.000000e+00
6, 4, 0.000000e+00
6, 5, 0.000000e+00
6, 6, 2.910900e+08
6, 8, -1.410909e+08
7, 0, 0.000000e+00
7, 1, 0.000000e+00
7, 2, 0.000000e+00
7, 3, 0.000000e+00
7, 4, 0.000000e+00
7, 5, 0.000000e+00
7, 7, 8.846789e+06
7, 9, -4.558763e+06
8, 0, 0.000000e+00
8, 1, 0.000000e+00
8, 2, 0.000000e+00
8, 3, 0.000000e+00
8, 4, 0.000000e+00
8, 5, 0.000000e+00
8, 6, -1.410909e+08
8, 8, 2.738028e+08
8, 10, -1.327119e+08
9, 0, 0.000000e+00
9, 1, 0.000000e+00
9, 2, 0.000000e+00
9, 3, 0.000000e+00
9, 4, 0.000000e+00
9, 5, 0.000000e+00
9, 7, -4.558763e+06
9, 9, 9.405352e+06
9, 11, -4.846589e+06
10, 0, 0.000000e+00
10, 1, 0.000000e+00
10, 2, 0.000000e+00
10, 3, 0.000000e+00
10, 4, 0.000000e+00
10, 5, 0.000000e+00
10, 8, -1.327119e+08
10, 10, 2.575422e+08
10, 12, -1.248303e+08
11, 0, 0.000000e+00
11, 1, 0.000000e+00
11, 2, 0.000000e+00
11, 3, 0.000000e+00
11, 4, 0.000000e+00
11, 5, 0.000000e+00
11, 9, -4.846589e+06
11, 11, 9.999184e+06
11, 13, -5.152595e+06
12, 0, 0.000000e+00
12, 1, 0.000000e+00
12, 2, 0.000000e+00
12, 3, 0.000000e+00
12, 4, 0.000000e+00
12, 5, 0.000000e+00
12, 10, -1.248303e+08
12, 12, 2.422473e+08
12, 14, -1.174170e+08
13, 0, 0.000000e+00
13, 1, 0.000000e+00
13, 2, 0.000000e+00
13, 3, 0.000000e+00
13, 4, 0.000000e+00
13, 5, 0.000000e+00
13, 11, -5.152595e+06
13, 13, 1.063051e+07
13, 15, -5.477912e+06
14, 0, 0.000000e+00
14, 1, 0.000000e+00
14, 2, 0.000000e+00
14, 3, 0.000000e+00
14, 4, 0.000000e+00
14, 5, 0.000000e+00
14, 12, -1.174170e+08
14, 14, 2.278608e+08
14, 16, -1.104438e+08
15, 0, 0.000000e+00
15, 1, 0.000000e+00
15, 2, 0.000000e+00
15, 3, 0.000000e+00
15, 4, 0.000000e+00
15, 5, 0.000000e+00
15, 13, -5.477912e+06
15, 15, 1.130169e+07
15, 17, -5.823776e+06
16, 0, 0.000000e+00
16, 1, 0.000000e+00
16, 2, 0.000000e+00
16, 3, 0.000000e+00
16, 4, 0.000000e+00
16, 5, 0.000000e+00
16, 14, -1.104438e+08
16, 16, 2.143284e+08
16, 18, -1.038846e+08
17, 0, 0.000000e+00
17, 1, 0.000000e+00
17, 2, 0.000000e+00
17, 3, 0.000000e+00
17, 4, 0.000000e+00
17, 5, 0.000000e+00
17, 15, -5.823776e+06
17, 17, 1.201526e+07
17, 19, -6.191486e+06
18, 0, 0.000000e+00
18, 1, 0.000000e+00
18, 2, 0.000000e+00
18, 3, 0.000000e+00
18, 4, 0.000000e+00
18, 5, 0.000000e+00
18, 16, -1.038846e+08
18, 18, 2.016000e+08
18, 20, -9.771540e+07
19, 0, 0.000000e+00
19, 1, 0.000000e+00
19, 2, 0.000000e+00
19, 3, 0.000000e+00
19, 4, 0.000000e+00
19, 5, 0.000000e+00
19, 17, -6.191486e+06
19, 19, 1.277387e+07
19, 21, -6.582381e+06
20, 0, 0.000000e+00
20, 1, 0.000000e+00
20, 2, 0.000000e+00
20, 3, 0.000000e+00
20, 4, 0.000000e+00
20, 5, 0.000000e+00
20, 18, -9.771540e+07
20, 20, 1.896276e+08
20, 22, -9.191220e+07
21, 0, 0.000000e+00
21, 1, 0.000000e+00
21, 2, 0.000000e+00
21, 3, 0.000000e+00
21, 4, 0.000000e+00
21, 5, 0.000000e+00
21, 19, -6.582381e+06
21, 21, 1.358036e+07
21, 23, -6.997983e+06
22, 0, 0.000000e+00
22, 1, 0.000000e+00
22, 2, 0.000000e+00
22, 3, 0.000000e+00
22, 4, 0.000000e+00
22, 5, 0.000000e+00
22, 20, -9.191220e+07
22, 22, 1.783659e+08
22, 24, -8.645370e+07
23, 0, 0.000000e+00
23, 1, 0.000000e+00
23, 2, 0.000000e+00
23, 3, 0.000000e+00
23, 4, 0.000000e+00
23, 5, 0.000000e+00
23, 21, -6.997983e+06
23, 23, 1.443780e+07
23, 25, -7.439820e+06
24, 0, 0.000000e+00
24, 1, 0.000000e+00
24, 2, 0.000000e+00
24, 3, 0.000000e+00
24, 4, 0.000000e+00
24, 5, 0.000000e+00
24, 22, -8.645370e+07
24, 24, 1.677729e+08
24, 26, -8.131920e+07
25, 0, 0.000000e+00
25, 1, 0.000000e+00
25, 2, 0.000000e+00
25, 3, 0.000000e+00
25, 4, 0.000000e+00
25, 5, 0.000000e+00
25, 23, -7.439820e+06
25, 25, 1.534939e+07
25, 27, -7.909571e+06
26, 0, 0.000000e+00
26, 1, 0.000000e+00
26, 2, 0.000000e+00
26, 3, 0.000000e+00
26, 4, 0.000000e+00
26, 5, 0.000000e+00
26, 24, -8.131920e+07
26, 26, 1.578093e+08
26, 28, -7.649010e+07
27, 0, 0.000000e+00
27, 1, 0.000000e+00
27, 2, 0.000000e+00
27, 3, 0.000000e+00
27, 4, 0.000000e+00
27, 5, 0.000000e+00
27, 25, -7.909571e+06
27, 27, 1.631850e+07
27, 29, -8.408931e+06
28, 0, 0.000000e+00
28, 1, 0.000000e+00
28, 2, 0.000000e+00
28, 3, 0.000000e+00
28, 4, 0.000000e+00
28, 5, 0.000000e+00
28, 26, -7.649010e+07
28, 28, 1.484373e+08
28, 30, -7.194720e+07
29, 0, 0.000000e+00
29, 1, 0.000000e+00
29, 2, 0.000000e+00
29, 3, 0.000000e+00
29, 4, 0.000000e+00
29, 5, 0.000000e+00
29, 27, -8.408931e+06
29, 29, 1.734882e+07
29, 31, -8.939889e+06
30, 0, 0.000000e+00
30, 1, 0.000000e+00
30, 2, 0.000000e+00
30, 3, 0.000000e+00
30, 4, 0.000000e+00
30, 5, 0.000000e+00
30, 28, -7.194720e+07
30, 30, 1.396218e+08
30, 32, -6.767460e+07
31, 0, 0.000000e+00
31, 1, 0.000000e+00
31, 2, 0.000000e+00
31, 3, 0.000000e+00
31, 4, 0.000000e+00
31, 5, 0.000000e+00
31, 29, -8.939889e+06
31, 31, 1.844419e+07
31, 33, -9.504304e+06
32, 0, 0.000000e+00
32, 1, 0.000000e+00
32, 2, 0.000000e+00
32, 3, 0.000000e+00
32, 4, 0.000000e+00
32, 5, 0.000000e+00
32, 30, -6.767460e+07
32, 32, 1.313301e+08
32, 34, -6.365550e+07
33, 0, 0.000000e+00
33, 1, 0.000000e+00
33, 2, 0.000000e+00
33, 3, 0.000000e+00
33, 4, 0.000000e+00
33, 5, 0.000000e+00
33, 31, -9.504304e+06
33, 33, 1.960869e+07
33, 35, -1.010439e+07
34, 0, 0.000000e+00
34, 1, 0.000000e+00
34, 2, 0.000000e+00
34, 3, 0.000000e+00
34, 4, 0.000000e+00
34, 5, 0.000000e+00
34, 32, -6.365550e+07
34, 34, 1.235307e+08
34, 36, -5.987520e+07
35, 0, 0.000000e+00
35, 1, 0.000000e+00
35, 2, 0.000000e+00
35, 3, 0.000000e+00
35, 4, 0.000000e+00
35, 5, 0.000000e+00
35, 33, -1.010439e+07
35, 35, 2.084673e+07
35, 37, -1.074234e+07
36, 0, 0.000000e+00
36, 1, 0.000000e+00
36, 2, 0.000000e+00
36, 3, 0.000000e+00
36, 4, 0.000000e+00
36, 5, 0.000000e+00
36, 34, -5.987520e+07
36, 36, 1.161945e+08
36, 38, -5.631930e+07
37, 0, 0.000000e+00
37, 1, 0.000000e+00
37, 2, 0.000000e+00
37, 3, 0.000000e+00
37, 4, 0.000000e+00
37, 5, 0.000000e+00
37, 35, -1.074234e+07
37, 37, 2.216294e+07
37, 39, -1.142060e+07
38, 0, 0.000000e+00
38, 1, 0.000000e+00
38, 2, 0.000000e+00
38, 3, 0.000000e+00
38, 4, 0.000000e+00
38, 5, 0.000000e+00
38, 36, -5.631930e+07
38, 38, 1.092939e+08
38, 40, -5.297460e+07
39, 0, 0.000000e+00
39, 1, 0.000000e+00
39, 2, 0.000000e+00
39, 3, 0.000000e+00
39, 4, 0.000000e+00
39, 5, 0.000000e+00
39, 37, -1.142060e+07
39, 39, 2.356226e+07
39, 41, -1.214167e+07
40, 0, 0.000000e+00
40, 1, 0.000000e+00
40, 2, 0.000000e+00
40, 3, 0.000000e+00
40, 4, 0.000000e+00
40, 5, 0.000000e+00
40, 38, -5.297460e+07
40, 40, 1.028034e+08
40, 42, -4.982880e+07
41, 0, 0.000000e+00
41, 1, 0.000000e+00
41, 2, 0.000000e+00
41, 3, 0.000000e+00
41, 4, 0.000000e+00
41, 5, 0.000000e+00
41, 39, -1.214167e+07
41, 41, 2.504987e+07
41, 43, -1.290820e+07
42, 0, 0.000000e+00
42, 1, 0.000000e+00
42, 2, 0.000000e+00
42, 3, 0.000000e+00
42, 4, 0.000000e+00
42, 5, 0.000000e+00
42, 40, -4.982880e+07
42, 42, 9.669810e+07
42, 44, -4.686930e+07
43, 0, 0.000000e+00
43, 1, 0.000000e+00
43, 2, 0.000000e+00
43, 3, 0.000000e+00
43, 4, 0.000000e+00
43, 5, 0.000000e+00
43, 41, -1.290820e+07
43, 43, 2.663147e+07
43, 45, -1.372327e+07
44, 0, 0.000000e+00
44, 1, 0.000000e+00
44, 2, 0.000000e+00
44, 3, 0.000000e+00
44, 4, 0.000000e+00
44, 5, 0.000000e+00
44, 42, -4.686930e+07
44, 44, 9.095520e+07
44, 46, -4.408590e+07
45, 0, 0.000000e+00
45, 1, 0.000000e+00
45, 2, 0.000000e+00
45, 3, 0.000000e+00
45, 4, 0.000000e+00
45, 5, 0.000000e+00
45, 43, -1.372327e+07
45, 45, 2.831297e+07
45, 47, -1.458970e+07
46, 0, 0.000000e+00
46, 1, 0.000000e+00
46, 2, 0.000000e+00
46, 3, 0.000000e+00
46, 4, 0.000000e+00
46, 5, 0.000000e+00
46, 44, -4.408590e+07
46, 46, 8.555340e+07
46, 48, -4.146750e+07
47, 0, 0.000000e+00
47, 1, 0.000000e+00
47, 2, 0.000000e+00
47, 3, 0.000000e+00
47, 4, 0.000000e+00
47, 5, 0.000000e+00
47, 45, -1.458970e+07
47, 47, 3.010064e+07
47, 49, -1.551094e+07
48, 0, 0.000000e+00
48, 1, 0.000000e+00
48, 2, 0.000000e+00
48, 3, 0.000000e+00
48, 4, 0.000000e+00
48, 5, 0.000000e+00
48, 46, -4.146750e+07
48, 48, 8.047260e+07
48, 50, -3.900510e+07
49, 0, 0.000000e+00
49, 1, 0.000000e+00
49, 2, 0.000000e+00
49, 3, 0.000000e+00
49, 4, 0.000000e+00
49, 5, 0.000000e+00
49, 47, -1.551094e+07
49, 49, 3.200109e+07
49, 51, -1.649015e+07
50, 0, 0.000000e+00
50, 1, 0.000000e+00
50, 2, 0.000000e+00
50, 3, 0.000000e+00
50, 4, 0.000000e+00
50, 5, 0.000000e+00
50, 48, -3.900510e+07
50, 50, 7.569360e+07
50, 52, -3.668850e+07
51, 0, 0.000000e+00
51, 1, 0.000000e+00
51, 2, 0.000000e+00
51, 3, 0.000000e+00
51, 4, 0.000000e+00
51, 5, 0.000000e+00
51, 49, -1.649015e+07
51, 51, 3.402153e+07
51, 53, -1.753138e+07
52, 0, 0.000000e+00
52, 1, 0.000000e+00
52, 2, 0.000000e+00
52, 3, 0.000000e+00
52, 4, 0.000000e+00
52, 5, 0.000000e+00
52, 50, -3.668850e+07
52, 52, 7.119840e+07
52, 54, -3.450990e+07
53, 0, 0.000000e+00
53, 1, 0.000000e+00
53, 2, 0.000000e+00
53, 3, 0.000000e+00
53, 4, 0.000000e+00
53, 5, 0.000000e+00
53, 51, -1.753138e+07
53, 53, 3.616951e+07
53, 55, -1.863813e+07
54, 0, 0.000000e+00
54, 1, 0.000000e+00
54, 2, 0.000000e+00
54, 3, 0.000000e+00
54, 4, 0.000000e+00
54, 5, 0.000000e+00
54, 52, -3.450990e+07
54, 54, 6.697020e+07
54, 56, -3.246030e+07
55, 0, 0.000000e+00
55, 1, 0.000000e+00
55, 2, 0.000000e+00
55, 3, 0.000000e+00
55, 4, 0.000000e+00
55, 5, 0.000000e+00
55, 53, -1.863813e+07
55, 55, 3.845310e+07
55, 57, -1.981497e+07
56, 0, 0.000000e+00
56, 1, 0.000000e+00
56, 2, 0.000000e+00
56, 3, 0.000000e+00
56, 4, 0.000000e+00
56, 5, 0.000000e+00
56, 54, -3.246030e+07
56, 56, 6.299280e+07
56, 58, -3.053250e+07
57, 0, 0.000000e+00
57, 1, 0.000000e+00
57, 2, 0.000000e+00
57, 3, 0.000000e+00
57, 4, 0.000000e+00
57, 5, 0.000000e+00
57, 55, -1.981497e+07
57, 57, 4.088105e+07
57, 59, -2.106608e+07
58, 0, 0.000000e+00
58, 1, 0.000000e+00
58, 2, 0.000000e+00
58, 3, 0.000000e+00
58, 4, 0.000000e+00
58, 5, 0.000000e+00
58, 56, -3.053250e+07
58, 58, 5.925180e+07
58, 60, -2.871930e+07
59, 0, 0.000000e+00
59, 1, 0.000000e+00
59, 2, 0.000000e+00
59, 3, 0.000000e+00
59, 4, 0.000000e+00
59, 5, 0.000000e+00
59, 57, -2.106608e+07
59, 59, 4.346217e+07
59, 61, -2.239609e+07
60, 0, 0.000000e+00
60, 1, 0.000000e+00
60, 2, 0.000000e+00
60, 3, 0.000000e+00
60, 4, 0.000000e+00
60, 5, 0.000000e+00
60, 58, -2.871930e+07
60, 60, 5.573280e+07
60, 62, -2.701350e+07
61, 0, 0.000000e+00
61, 1, 0.000000e+00
61, 2, 0.000000e+00
61, 3, 0.000000e+00
61, 4, 0.000000e+00
61, 5, 0.000000e+00
61, 59, -2.239609e+07
61, 61, 4.620641e+07
61, 63, -2.381032e+07
62, 0, 0.000000e+00
62, 1, 0.000000e+00
62, 2, 0.000000e+00
62, 3, 0.000000e+00
62, 4, 0.000000e+00
62, 5, 0.000000e+00
62, 60, -2.701350e+07
62, 62, 5.242290e+07
62, 64, -2.540940e+07
63, 0, 0.000000e+00
63, 1, 0.000000e+00
63, 2, 0.000000e+00
63, 3, 0.000000e+00
63, 4, 0.000000e+00
63, 5, 0.000000e+00
63, 61, -2.381032e+07
63, 63, 4.912378e+07
63, 65, -2.531347e+07
64, 0, 0.000000e+00
64, 1, 0.000000e+00
64, 2, 0.000000e+00
64, 3, 0.000000e+00
64, 4, 0.000000e+00
64, 5, 0.000000e+00
64, 62, -2.540940e+07
64, 64, 4.930980e+07
64, 66, -2.390040e+07
65, 0, 0.000000e+00
65, 1, 0.000000e+00
65, 2, 0.000000e+00
65, 3, 0.000000e+00
65, 4, 0.000000e+00
65, 5, 0.000000e+00
65, 63, -2.531347e+07
65, 65, 5.222515e+07
65, 67, -2.691168e+07
66, 0, 0.000000e+00
66, 1, 0.000000e+00
66, 2, 0.000000e+00
66, 3, 0.000000e+00
66, 4, 0.000000e+00
66, 5, 0.000000e+00
66, 64, -2.390040e+07
66, 66, 4.638150e+07
66, 68, -2.248110e+07
67, 0, 0.000000e+00
67, 1, 0.000000e+00
67, 2, 0.000000e+00
67, 3, 0.000000e+00
67, 4, 0.000000e+00
67, 5, 0.000000e+00
67, 65, -2.691168e+07
67, 67, 5.552238e+07
67, 69, -2.861070e+07
68, 0, 0.000000e+00
68, 1, 0.000000e+00
68, 2, 0.000000e+00
68, 3, 0.000000e+00
68, 4, 0.000000e+00
68, 5, 0.000000e+00
68, 66, -2.248110e+07
68, 68, 4.362690e+07
68, 70, -2.114580e+07
69, 0, 0.000000e+00
69, 1, 0.000000e+00
69, 2, 0.000000e+00
69, 3, 0.000000e+00
69, 4, 0.000000e+00
69, 5, 0.000000e+00
69, 67, -2.861070e+07
69, 69, 5.902809e+07
69, 71, -3.041739e+07
70, 0, 0.000000e+00
70, 1, 0.000000e+00
70, 2, 0.000000e+00
70, 3, 0.000000e+00
70, 4, 0.000000e+00
70, 5, 0.000000e+00
70, 68, -2.114580e+07
70, 70, 4.103580e+07
70, 72, -1.989000e+07
71, 0, 0.000000e+00
71, 1, 0.000000e+00
71, 2, 0.000000e+00
71, 3, 0.000000e+00
71, 4, 0.000000e+00
71, 5, 0.000000e+00
71, 69, -3.041739e+07
71, 71, 6.275525e+07
71, 73, -3.233786e+07
72, 0, 0.000000e+00
72, 1, 0.000000e+00
72, 2, 0.000000e+00
72, 3, 0.000000e+00
72, 4, 0.000000e+00
72, 5, 0.000000e+00
72, 70, -1.989000e+07
72, 72, 3.859890e+07
72, 74, -1.870890e+07
73, 0, 0.000000e+00
73, 1, 0.000000e+00
73, 2, 0.000000e+00
73, 3, 0.000000e+00
73, 4, 0.000000e+00
73, 5, 0.000000e+00
73, 71, -3.233786e+07
73, 73, 6.671722e+07
73, 75, -3.437936e+07
74, 0, 0.000000e+00
74, 1, 0.000000e+00
74, 2, 0.000000e+00
74, 3, 0.000000e+00
74, 4, 0.000000e+00
74, 5, 0.000000e+00
74, 72, -1.870890e+07
74, 74, 3.630660e+07
74, 76, -1.759770e+07
75, 0, 0.000000e+00
75, 1, 0.000000e+00
75, 2, 0.000000e+00
75, 3, 0.000000e+00
75, 4, 0.000000e+00
75, 5, 0.000000e+00
75, 73, -3.437936e+07
75, 75, 7.092959e+07
75, 77, -3.655023e+07
76, 0, 0.000000e+00
76, 1, 0.000000e+00
76, 2, 0.000000e+00
76, 3, 0.000000e+00
76, 4, 0.000000e+00
76, 5, 0.000000e+00
76, 74, -1.759770e+07
76, 76, 3.415050e+07
76, 78, -1.655280e+07
77, 0, 0.000000e+00
77, 1, 0.000000e+00
77, 2, 0.000000e+00
77, 3, 0.000000e+00
77, 4, 0.000000e+00
77, 5, 0.000000e+00
77, 75, -3.655023e+07
77, 77, 7.540771e+07
77, 79, -3.885747e+07
78, 0, 0.000000e+00
78, 1, 0.000000e+00
78, 2, 0.000000e+00
78, 3, 0.000000e+00
78, 4, 0.000000e+00
78, 5, 0.000000e+00
78, 76, -1.655280e+07
78, 78, 3.212250e+07
78, 80, -1.556970e+07
79, 0, 0.000000e+00
79, 1, 0.000000e+00
79, 2, 0.000000e+00
79, 3, 0.000000e+00
79, 4, 0.000000e+00
79, 5, 0.000000e+00
79, 77, -3.885747e+07
79, 79, 8.016848e+07
79, 81, -4.131101e+07
80, 0, 0.000000e+00
80, 1, 0.000000e+00
80, 2, 0.000000e+00
80, 3, 0.000000e+00
80, 4, 0.000000e+00
80, 5, 0.000000e+00
80, 78, -1.556970e+07
80, 80, 3.021450e+07
80, 82, -1.464480e+07
81, 0, 0.000000e+00
81, 1, 0.000000e+00
81, 2, 0.000000e+00
81, 3, 0.000000e+00
81, 4, 0.000000e+00
81, 5, 0.000000e+00
81, 79, -4.131101e+07
81, 81, 8.523103e+07
81, 83, -4.392003e+07
82, 0, 0.000000e+00
82, 1, 0.000000e+00
82, 2, 0.000000e+00
82, 3, 0.000000e+00
82, 4, 0.000000e+00
82, 5, 0.000000e+00
82, 80, -1.464480e+07
82, 82, 2.842020e+07
82, 84, -1.377540e+07
83, 0, 0.000000e+00
83, 1, 0.000000e+00
83, 2, 0.000000e+00
83, 3, 0.000000e+00
83, 4, 0.000000e+00
83, 5, 0.000000e+00
83, 81, -4.392003e+07
83, 83, 9.061196e+07
83, 85, -4.669193e+07
84, 0, 0.000000e+00
84, 1, 0.000000e+00
84, 2, 0.000000e+00
84, 3, 0.000000e+00
84, 4, 0.000000e+00
84, 5, 0.000000e+00
84, 82, -1.377540e+07
84, 84, 2.673240e+07
84, 86, -1.295700e+07
85, 0, 0.000000e+00
85, 1, 0.000000e+00
85, 2, 0.000000e+00
85, 3, 0.000000e+00
85, 4, 0.000000e+00
85, 5, 0.000000e+00
85, 83, -4.669193e+07
85, 85, 9.633305e+07
85, 87, -4.964112e+07
86, 0, 0.000000e+00
86, 1, 0.000000e+00
86, 2, 0.000000e+00
86, 3, 0.000000e+00
86, 4, 0.000000e+00
86, 5, 0.000000e+00
86, 84, -1.295700e+07
86, 86, 2.514480e+07
86, 88, -1.218780e+07
87, 0, 0.000000e+00
87, 1, 0.000000e+00
87, 2, 0.000000e+00
87, 3, 0.000000e+00
87, 4, 0.000000e+00
87, 5, 0.000000e+00
87, 85, -4.964112e+07
87, 87, 1.024152e+08
87, 89, -5.277409e+07
88, 0, 0.000000e+00
88, 1, 0.000000e+00
88, 2, 0.000000e+00
88, 3, 0.000000e+00
88, 4, 0.000000e+00
88, 5, 0.000000e+00
88, 86, -1.218780e+07
88, 88, 2.365170e+07
88, 90, -1.146390e+07
89, 0, 0.000000e+00
89, 1, 0.000000e+00
89, 2, 0.000000e+00
89, 3, 0.000000e+00
89, 4, 0.000000e+00
89, 5, 0.000000e+00
89, 87, -5.277409e+07
89, 89, 1.088806e+08
89, 91, -5.610656e+07
90, 0, 0.000000e+00
90, 1, 0.000000e+00
90, 2, 0.000000e+00
90, 3, 0.000000e+00
90, 4, 0.000000e+00
90, 5, 0.000000e+00
90, 88, -1.146390e+07
90, 90, 2.224680e+07
90, 92, -1.078290e+07
91, 0, 0.000000e+00
91, 1, 0.000000e+00
91, 2, 0.000000e+00
91, 3, 0.000000e+00
91, 4, 0.000000e+00
91, 5, 0.000000e+00
91, 89, -5.610656e+07
91, 91, 1.157566e+08
91, 93, -5.965000e+07
92, 0, 0.000000e+00
92, 1, 0.000000e+00
92, 2, 0.000000e+00
92, 3, 0.000000e+00
92, 4, 0.000000e+00
92, 5, 0.000000e+00
92, 90, -1.078290e+07
92, 92, 2.092560e+07
92, 94, -1.014270e+07
93, 0, 0.000000e+00
93, 1, 0.000000e+00
93, 2, 0.000000e+00
93, 3, 0.000000e+00
93, 4, 0.000000e+00
93, 5, 0.000000e+00
93, 91, -5.965000e+07
93, 93, 1.230651e+08
93, 95, -6.341507e+07
94, 0, 0.000000e+00
94, 1, 0.000000e+00
94, 2, 0.000000e+00
94, 3, 0.000000e+00
94, 4, 0.000000e+00
94, 5, 0.000000e+00
94, 92, -1.014270e+07
94, 94, 1.968300e+07
94, 96, -9.540300e+06
95, 0, 0.000000e+00
95, 1, 0.000000e+00
95, 2, 0.000000e+00
95, 3, 0.000000e+00
95, 4, 0.000000e+00
95, 5, 0.000000e+00
95, 93, -6.341507e+07
95, 95, 1.308343e+08
95, 97, -6.741926e+07
96, 0, 0.000000e+00
96, 1, 0.000000e+00
96, 2, 0.000000e+00
96, 3, 0.000000e+00
96, 4, 0.000000e+00
96, 5, 0.000000e+00
96, 94, -9.540300e+06
96, 96, 1.851420e+07
96, 98, -8.973900e+06
97, 0, 0.000000e+00
97, 1, 0.000000e+00
97, 2, 0.000000e+00
97, 3, 0.000000e+00
97, 4, 0.000000e+00
97, 5, 0.000000e+00
97, 95, -6.741926e+07
97, 97, 1.390938e+08
97, 99, -7.167452e+07
98, 0, 0.000000e+00
98, 1, 0.000000e+00
98, 2, 0.000000e+00
98, 3, 0.000000e+00
98, 4, 0.000000e+00
98, 5, 0.000000e+00
98, 96, -8.973900e+06
98, 98, 1.741470e+07
98, 100, -8.440800e+06
99, 0, 0.000000e+00
99, 1, 0.000000e+00
99, 2, 0.000000e+00
99, 3, 0.000000e+00
99, 4, 0.000000e+00
99, 5, 0.000000e+00
99, 97, -7.167452e+07
99, 99, 1.478758e+08
99, 101, -7.620131e+07
100, 0, 0.000000e+00
100, 1, 0.000000e+00
100, 2, 0.000000e+00
100, 3, 0.000000e+00
100, 4, 0.000000e+00
100, 5, 0.000000e+00
100, 98, -8.440800e+06
100, 100, 1.638030e+07
100, 102, -7.939500e+06
101, 0, 0.000000e+00
101, 1, 0.000000e+00
101, 2, 0.000000e+00
101, 3, 0.000000e+00
101, 4, 0.000000e+00
101, 5, 0.000000e+00
101, 99, -7.620131e+07
101, 101, 1.572140e+08
101, 103, -8.101266e+07
102, 0, 0.000000e+00
102, 1, 0.000000e+00
102, 2, 0.000000e+00
102, 3, 0.000000e+00
102, 4, 0.000000e+00
102, 5, 0.000000e+00
102, 100, -7.939500e+06
102, 102, 7.939500e+06
103, 0, 0.000000e+00
103, 1, 0.000000e+00
103, 2, 0.000000e+00
103, 3, 0.000000e+00
103, 4, 0.000000e+00
103, 5, 0.000000e+00
103, 101, -8.101266e+07
103, 103, 8.101266e+07
