# Static simulation
# Job: job_0001
# Scale: global
# Data key: R_cond
# Timestamp (runner starts): 2025-05-06_15-47-56
# Data:
0.000000e+00
-2.980232e-08
0.000000e+00
0.000000e+00
0.000000e+00
0.000000e+00
0.000000e+00
5.960464e-08
0.000000e+00
0.000000e+00
0.000000e+00
0.000000e+00
0.000000e+00
0.000000e+00
0.000000e+00
0.000000e+00
0.000000e+00
-4.470348e-08
0.000000e+00
1.788139e-07
0.000000e+00
0.000000e+00
0.000000e+00
-1.490116e-07
0.000000e+00
2.086163e-07
0.000000e+00
0.000000e+00
0.000000e+00
1.192093e-07
0.000000e+00
2.384186e-07
0.000000e+00
0.000000e+00
0.000000e+00
1.788139e-07
0.000000e+00
-1.192093e-07
0.000000e+00
0.000000e+00
0.000000e+00
5.960464e-08
0.000000e+00
-3.576279e-07
0.000000e+00
0.000000e+00
0.000000e+00
2.682209e-07
0.000000e+00
7.748604e-07
0.000000e+00
0.000000e+00
0.000000e+00
3.576279e-07
0.000000e+00
1.788139e-07
0.000000e+00
0.000000e+00
0.000000e+00
4.470348e-07
