# Static simulation
# Job: job_0006
# Scale: global
# Data key: U_cond
# Timestamp (runner starts): 2025-04-11_19-52-51
# Data:
0.000000e+00
-9.187399e-11
0.000000e+00
0.000000e+00
0.000000e+00
-2.139105e-10
0.000000e+00
-3.851969e-10
0.000000e+00
0.000000e+00
0.000000e+00
-3.987451e-10
0.000000e+00
-8.509629e-10
0.000000e+00
0.000000e+00
0.000000e+00
-5.546700e-10
0.000000e+00
-1.460449e-09
0.000000e+00
0.000000e+00
0.000000e+00
-6.821258e-10
0.000000e+00
-2.185563e-09
0.000000e+00
0.000000e+00
0.000000e+00
-7.820010e-10
0.000000e+00
-2.999367e-09
0.000000e+00
0.000000e+00
0.000000e+00
-8.558074e-10
0.000000e+00
-3.876777e-09
0.000000e+00
0.000000e+00
0.000000e+00
-9.058551e-10
0.000000e+00
-4.795435e-09
0.000000e+00
0.000000e+00
0.000000e+00
-9.354280e-10
0.000000e+00
-5.736756e-09
0.000000e+00
0.000000e+00
0.000000e+00
-9.489580e-10
0.000000e+00
-6.687155e-09
-0.000000e+00
0.000000e+00
0.000000e+00
-9.522001e-10
