# Static simulation
# Job: job_0006
# Scale: global
# Data key: R_cond
# Timestamp (runner starts): 2025-04-11_19-52-51
# Data:
0.000000e+00
-3.128974e-09
0.000000e+00
0.000000e+00
0.000000e+00
0.000000e+00
0.000000e+00
3.864761e-08
0.000000e+00
0.000000e+00
0.000000e+00
-7.450581e-09
0.000000e+00
1.909939e-09
0.000000e+00
0.000000e+00
0.000000e+00
-4.470348e-08
0.000000e+00
3.281457e-08
0.000000e+00
0.000000e+00
0.000000e+00
7.450581e-09
0.000000e+00
1.154367e-07
0.000000e+00
0.000000e+00
0.000000e+00
5.960464e-08
0.000000e+00
2.986026e-07
0.000000e+00
0.000000e+00
0.000000e+00
1.490116e-07
0.000000e+00
1.070293e-08
0.000000e+00
0.000000e+00
0.000000e+00
-4.470348e-08
0.000000e+00
2.570814e-07
0.000000e+00
0.000000e+00
0.000000e+00
7.450581e-08
0.000000e+00
-5.295624e-07
0.000000e+00
0.000000e+00
0.000000e+00
2.533197e-07
0.000000e+00
1.891749e-09
0.000000e+00
0.000000e+00
0.000000e+00
-2.086163e-07
