# Static simulation
# Job: job_0006
# Scale: global
# Data key: F_mod
# Timestamp (runner starts): 2025-04-11_19-52-51
# Data:
0.000000e+00
0.000000e+00
0.000000e+00
0.000000e+00
0.000000e+00
0.000000e+00
0.000000e+00
-1.526547e+02
0.000000e+00
0.000000e+00
0.000000e+00
0.000000e+00
0.000000e+00
-5.521775e+02
0.000000e+00
0.000000e+00
0.000000e+00
0.000000e+00
0.000000e+00
-1.351229e+03
0.000000e+00
0.000000e+00
0.000000e+00
0.000000e+00
0.000000e+00
-2.548125e+03
0.000000e+00
0.000000e+00
0.000000e+00
0.000000e+00
0.000000e+00
-4.147640e+03
0.000000e+00
0.000000e+00
0.000000e+00
0.000000e+00
0.000000e+00
-6.148737e+03
0.000000e+00
0.000000e+00
0.000000e+00
0.000000e+00
0.000000e+00
-8.549805e+03
0.000000e+00
0.000000e+00
0.000000e+00
0.000000e+00
0.000000e+00
-1.135123e+04
0.000000e+00
0.000000e+00
0.000000e+00
0.000000e+00
0.000000e+00
-1.455218e+04
0.000000e+00
0.000000e+00
0.000000e+00
0.000000e+00
0.000000e+00
-1.732568e+04
0.000000e+00
0.000000e+00
0.000000e+00
0.000000e+00
