# Static simulation
# Job: job_0003
# Scale: global
# Data key: R_cond
# Timestamp (runner starts): 2025-04-08_17-27-12
# Data:
0.000000e+00
3.725290e-09
0.000000e+00
0.000000e+00
0.000000e+00
2.793968e-09
0.000000e+00
3.725290e-09
0.000000e+00
0.000000e+00
0.000000e+00
-9.313226e-10
0.000000e+00
-1.490116e-08
0.000000e+00
0.000000e+00
0.000000e+00
9.313226e-10
0.000000e+00
-3.166497e-08
0.000000e+00
0.000000e+00
0.000000e+00
-6.519258e-09
0.000000e+00
3.725290e-09
0.000000e+00
0.000000e+00
0.000000e+00
8.381903e-09
0.000000e+00
-3.725290e-09
0.000000e+00
0.000000e+00
0.000000e+00
1.117587e-08
0.000000e+00
-3.725290e-09
0.000000e+00
0.000000e+00
0.000000e+00
-1.862645e-09
0.000000e+00
1.117587e-08
0.000000e+00
0.000000e+00
0.000000e+00
-5.122274e-08
0.000000e+00
7.078052e-08
0.000000e+00
0.000000e+00
0.000000e+00
-2.887100e-08
0.000000e+00
1.862645e-08
0.000000e+00
0.000000e+00
0.000000e+00
-2.793968e-09
