# Static simulation
# Job: job_0001
# Scale: global
# Data key: R_cond
# Timestamp (runner starts): 2025-04-07_13-53-55
# Data:
0.000000e+00
-1.490116e-08
0.000000e+00
0.000000e+00
0.000000e+00
9.313226e-10
0.000000e+00
-5.960464e-08
0.000000e+00
0.000000e+00
0.000000e+00
0.000000e+00
0.000000e+00
-8.940697e-08
0.000000e+00
0.000000e+00
0.000000e+00
1.862645e-09
0.000000e+00
2.384186e-07
0.000000e+00
0.000000e+00
0.000000e+00
1.303852e-08
0.000000e+00
-3.874302e-07
0.000000e+00
0.000000e+00
0.000000e+00
-2.235174e-08
0.000000e+00
2.384186e-07
0.000000e+00
0.000000e+00
0.000000e+00
1.862645e-09
0.000000e+00
2.384186e-07
0.000000e+00
0.000000e+00
0.000000e+00
-9.313226e-09
0.000000e+00
0.000000e+00
0.000000e+00
0.000000e+00
0.000000e+00
-7.450581e-09
0.000000e+00
4.768372e-07
0.000000e+00
0.000000e+00
0.000000e+00
7.450581e-09
0.000000e+00
-4.768372e-07
0.000000e+00
0.000000e+00
0.000000e+00
7.078052e-08
