# Static simulation
# Job: job_0001
# Scale: global
# Data key: U_cond
# Timestamp (runner starts): 2025-04-07_13-53-55
# Data:
0.000000e+00
-1.767299e-09
0.000000e+00
0.000000e+00
-0.000000e+00
-4.116766e-08
0.000000e+00
-7.464238e-09
0.000000e+00
0.000000e+00
0.000000e+00
-7.796906e-08
0.000000e+00
-1.665419e-08
0.000000e+00
0.000000e+00
0.000000e+00
-1.104042e-07
0.000000e+00
-2.890053e-08
0.000000e+00
0.000000e+00
0.000000e+00
-1.384731e-07
0.000000e+00
-4.376663e-08
0.000000e+00
0.000000e+00
0.000000e+00
-1.621756e-07
0.000000e+00
-6.081587e-08
0.000000e+00
0.000000e+00
0.000000e+00
-1.815120e-07
0.000000e+00
-7.961161e-08
0.000000e+00
0.000000e+00
-0.000000e+00
-1.964820e-07
0.000000e+00
-9.971723e-08
0.000000e+00
0.000000e+00
0.000000e+00
-2.070858e-07
0.000000e+00
-1.206961e-07
0.000000e+00
0.000000e+00
0.000000e+00
-2.133234e-07
0.000000e+00
-1.421116e-07
-0.000000e+00
0.000000e+00
0.000000e+00
-2.151946e-07
