# Static simulation
# Job: job_0006
# Scale: global
# Data key: U_global
# Timestamp (runner starts): 2025-05-06_15-47-59
# Data:
0.000000e+00
0.000000e+00
0.000000e+00
0.000000e+00
0.000000e+00
0.000000e+00
0.000000e+00
-1.380306e-06
0.000000e+00
0.000000e+00
0.000000e+00
-3.213772e-06
0.000000e+00
-5.787189e-06
0.000000e+00
0.000000e+00
0.000000e+00
-5.990771e-06
0.000000e+00
-1.278491e-05
0.000000e+00
0.000000e+00
0.000000e+00
-8.333460e-06
0.000000e+00
-2.194196e-05
0.000000e+00
0.000000e+00
0.000000e+00
-1.024843e-05
0.000000e+00
-3.283626e-05
0.000000e+00
0.000000e+00
0.000000e+00
-1.174901e-05
0.000000e+00
-4.506310e-05
0.000000e+00
0.000000e+00
0.000000e+00
-1.285791e-05
0.000000e+00
-5.824558e-05
0.000000e+00
0.000000e+00
0.000000e+00
-1.360986e-05
0.000000e+00
-7.204780e-05
0.000000e+00
0.000000e+00
0.000000e+00
-1.405418e-05
0.000000e+00
-8.619052e-05
0.000000e+00
0.000000e+00
0.000000e+00
-1.425747e-05
0.000000e+00
-1.004696e-04
-0.000000e+00
0.000000e+00
0.000000e+00
-1.430618e-05
