# Static simulation
# Job: job_0006
# Scale: global
# Data key: R_cond
# Timestamp (runner starts): 2025-05-06_15-47-59
# Data:
0.000000e+00
-2.607976e-09
0.000000e+00
0.000000e+00
0.000000e+00
7.450581e-09
0.000000e+00
-1.842170e-08
0.000000e+00
0.000000e+00
0.000000e+00
0.000000e+00
0.000000e+00
-7.272297e-08
0.000000e+00
0.000000e+00
0.000000e+00
-4.470348e-08
0.000000e+00
1.452199e-07
0.000000e+00
0.000000e+00
0.000000e+00
-5.215406e-08
0.000000e+00
-4.560388e-08
0.000000e+00
0.000000e+00
0.000000e+00
0.000000e+00
0.000000e+00
6.168011e-08
0.000000e+00
0.000000e+00
0.000000e+00
1.490116e-08
0.000000e+00
-2.234920e-07
0.000000e+00
0.000000e+00
0.000000e+00
0.000000e+00
0.000000e+00
-3.245186e-07
0.000000e+00
0.000000e+00
0.000000e+00
1.043081e-07
0.000000e+00
2.330016e-07
0.000000e+00
0.000000e+00
0.000000e+00
0.000000e+00
0.000000e+00
-1.566113e-07
0.000000e+00
0.000000e+00
0.000000e+00
2.756715e-07
