# Static simulation
# Job: job_0006
# Scale: global
# Data key: F_global
# Timestamp (runner starts): 2025-03-02_19-34-32
# Data:
0.000000e+00
-6.440173e-01
0.000000e+00
0.000000e+00
0.000000e+00
0.000000e+00
0.000000e+00
-9.278526e+00
0.000000e+00
0.000000e+00
0.000000e+00
0.000000e+00
0.000000e+00
-3.325000e+01
0.000000e+00
0.000000e+00
0.000000e+00
0.000000e+00
0.000000e+00
-7.320241e+01
0.000000e+00
0.000000e+00
0.000000e+00
0.000000e+00
0.000000e+00
-1.291731e+02
0.000000e+00
0.000000e+00
0.000000e+00
0.000000e+00
0.000000e+00
-2.011610e+02
0.000000e+00
0.000000e+00
0.000000e+00
0.000000e+00
0.000000e+00
-2.891732e+02
0.000000e+00
0.000000e+00
0.000000e+00
0.000000e+00
0.000000e+00
-3.932025e+02
0.000000e+00
0.000000e+00
0.000000e+00
0.000000e+00
0.000000e+00
-5.132499e+02
0.000000e+00
0.000000e+00
0.000000e+00
0.000000e+00
0.000000e+00
-6.492785e+02
0.000000e+00
0.000000e+00
0.000000e+00
0.000000e+00
0.000000e+00
-3.766440e+02
0.000000e+00
0.000000e+00
0.000000e+00
0.000000e+00
