# Static simulation
# Job: job_0006
# Scale: global
# Data key: U_cond
# Timestamp (runner starts): 2025-03-02_19-34-32
# Data:
0.000000e+00
-7.468219e-04
0.000000e+00
0.000000e+00
0.000000e+00
0.000000e+00
0.000000e+00
-2.445833e-03
0.000000e+00
0.000000e+00
0.000000e+00
0.000000e+00
0.000000e+00
-5.253032e-03
0.000000e+00
0.000000e+00
0.000000e+00
0.000000e+00
0.000000e+00
-9.183709e-03
0.000000e+00
0.000000e+00
0.000000e+00
0.000000e+00
0.000000e+00
-1.423888e-02
0.000000e+00
0.000000e+00
0.000000e+00
0.000000e+00
0.000000e+00
-2.041934e-02
0.000000e+00
0.000000e+00
0.000000e+00
0.000000e+00
0.000000e+00
-2.772220e-02
0.000000e+00
0.000000e+00
0.000000e+00
0.000000e+00
0.000000e+00
-3.612164e-02
0.000000e+00
0.000000e+00
0.000000e+00
0.000000e+00
0.000000e+00
-4.530917e-02
0.000000e+00
0.000000e+00
0.000000e+00
0.000000e+00
0.000000e+00
-5.163439e-02
0.000000e+00
0.000000e+00
0.000000e+00
0.000000e+00
