# Static simulation
# Job: job_0006
# Scale: global
# Data key: R_cond
# Timestamp (runner starts): 2025-03-02_19-34-32
# Data:
0.000000e+00
-3.001735e-04
0.000000e+00
0.000000e+00
0.000000e+00
0.000000e+00
0.000000e+00
-6.096264e-04
0.000000e+00
0.000000e+00
0.000000e+00
0.000000e+00
0.000000e+00
-9.373391e-04
0.000000e+00
0.000000e+00
0.000000e+00
0.000000e+00
0.000000e+00
-1.621339e-03
0.000000e+00
0.000000e+00
0.000000e+00
0.000000e+00
0.000000e+00
1.744625e-03
0.000000e+00
0.000000e+00
0.000000e+00
0.000000e+00
0.000000e+00
8.354156e-05
0.000000e+00
0.000000e+00
0.000000e+00
0.000000e+00
0.000000e+00
-6.623723e-05
0.000000e+00
0.000000e+00
0.000000e+00
0.000000e+00
0.000000e+00
-6.069057e-05
0.000000e+00
0.000000e+00
0.000000e+00
0.000000e+00
0.000000e+00
-3.008264e-05
0.000000e+00
0.000000e+00
0.000000e+00
0.000000e+00
0.000000e+00
7.226609e-06
0.000000e+00
0.000000e+00
0.000000e+00
0.000000e+00
