# Static simulation
# Job: job_0002
# Scale: global
# Data key: R_cond
# Timestamp (runner starts): 2025-03-16_22-31-52
# Data:
0.000000e+00
2.328306e-10
0.000000e+00
0.000000e+00
-1.455192e-11
0.000000e+00
0.000000e+00
-6.984919e-10
0.000000e+00
0.000000e+00
-1.455192e-11
0.000000e+00
0.000000e+00
-3.492460e-10
0.000000e+00
0.000000e+00
-5.093170e-11
0.000000e+00
0.000000e+00
-2.328306e-09
0.000000e+00
0.000000e+00
-2.037268e-10
0.000000e+00
0.000000e+00
5.587935e-09
0.000000e+00
0.000000e+00
2.910383e-11
0.000000e+00
0.000000e+00
-7.683411e-09
0.000000e+00
0.000000e+00
1.091394e-10
0.000000e+00
0.000000e+00
-2.990419e-09
0.000000e+00
0.000000e+00
3.824425e-10
0.000000e+00
0.000000e+00
-7.581548e-09
0.000000e+00
0.000000e+00
1.567741e-10
0.000000e+00
0.000000e+00
2.570232e-09
0.000000e+00
0.000000e+00
-1.489866e-10
0.000000e+00
0.000000e+00
1.155058e-09
0.000000e+00
0.000000e+00
2.533369e-10
0.000000e+00
