# Static simulation
# Job: job_0004
# Scale: global
# Data key: R_cond
# Timestamp (runner starts): 2025-04-08_17-27-13
# Data:
0.000000e+00
1.490480e-08
0.000000e+00
0.000000e+00
0.000000e+00
7.450581e-09
0.000000e+00
5.960828e-08
0.000000e+00
0.000000e+00
0.000000e+00
2.980232e-08
0.000000e+00
-2.384222e-07
0.000000e+00
0.000000e+00
0.000000e+00
-5.960464e-08
0.000000e+00
-2.086090e-07
0.000000e+00
0.000000e+00
0.000000e+00
0.000000e+00
0.000000e+00
-2.980269e-07
0.000000e+00
0.000000e+00
0.000000e+00
2.980232e-08
0.000000e+00
-8.941061e-08
0.000000e+00
0.000000e+00
0.000000e+00
5.960464e-08
0.000000e+00
-3.874338e-07
0.000000e+00
0.000000e+00
0.000000e+00
-1.341105e-07
0.000000e+00
1.102704e-06
0.000000e+00
0.000000e+00
0.000000e+00
-1.192093e-07
0.000000e+00
3.874266e-07
0.000000e+00
0.000000e+00
0.000000e+00
-3.874302e-07
0.000000e+00
8.940697e-08
0.000000e+00
0.000000e+00
0.000000e+00
8.940697e-08
