# Static simulation
# Job: job_0004
# Scale: global
# Data key: R_cond
# Timestamp (runner starts): 2025-04-07_13-53-59
# Data:
0.000000e+00
-1.489752e-08
0.000000e+00
0.000000e+00
0.000000e+00
0.000000e+00
0.000000e+00
2.980596e-08
0.000000e+00
0.000000e+00
0.000000e+00
1.862645e-09
0.000000e+00
-3.278292e-07
0.000000e+00
0.000000e+00
0.000000e+00
0.000000e+00
0.000000e+00
1.788212e-07
0.000000e+00
0.000000e+00
0.000000e+00
3.725290e-09
0.000000e+00
-3.874338e-07
0.000000e+00
0.000000e+00
0.000000e+00
-9.313226e-09
0.000000e+00
-1.192129e-07
0.000000e+00
0.000000e+00
0.000000e+00
-2.607703e-08
0.000000e+00
7.450544e-07
0.000000e+00
0.000000e+00
0.000000e+00
1.490116e-08
0.000000e+00
-1.072865e-06
0.000000e+00
0.000000e+00
0.000000e+00
-1.303852e-08
0.000000e+00
2.682173e-07
0.000000e+00
0.000000e+00
0.000000e+00
-5.401671e-08
0.000000e+00
2.086163e-07
0.000000e+00
0.000000e+00
0.000000e+00
3.725290e-09
