# Static simulation
# Job: job_0004
# Scale: global
# Data key: R_cond
# Timestamp (runner starts): 2025-05-06_15-47-59
# Data:
0.000000e+00
-2.980232e-08
0.000000e+00
0.000000e+00
0.000000e+00
7.450581e-09
0.000000e+00
-2.979505e-08
0.000000e+00
0.000000e+00
0.000000e+00
0.000000e+00
0.000000e+00
8.940333e-08
0.000000e+00
0.000000e+00
0.000000e+00
-7.450581e-08
0.000000e+00
8.941424e-08
0.000000e+00
0.000000e+00
0.000000e+00
-1.788139e-07
0.000000e+00
-3.637979e-12
0.000000e+00
0.000000e+00
0.000000e+00
4.470348e-08
0.000000e+00
-6.258560e-07
0.000000e+00
0.000000e+00
0.000000e+00
-8.940697e-08
0.000000e+00
3.874302e-07
0.000000e+00
0.000000e+00
0.000000e+00
-4.470348e-08
0.000000e+00
8.344759e-07
0.000000e+00
0.000000e+00
0.000000e+00
8.791685e-07
0.000000e+00
-6.854498e-07
0.000000e+00
0.000000e+00
0.000000e+00
2.831221e-07
0.000000e+00
6.854534e-07
0.000000e+00
0.000000e+00
0.000000e+00
2.533197e-07
