# Static simulation
# Job: job_0003
# Scale: global
# Data key: K_cond
# Timestamp (runner starts): 2025-02-21_12-17-12
# Data:
0, 0, 1.000000e+12
0, 1, 0.000000e+00
0, 2, 0.000000e+00
0, 3, 0.000000e+00
0, 4, 0.000000e+00
0, 5, 0.000000e+00
0, 6, 0.000000e+00
0, 7, 0.000000e+00
0, 8, 0.000000e+00
0, 9, 0.000000e+00
0, 10, 0.000000e+00
0, 11, 0.000000e+00
0, 12, 0.000000e+00
0, 13, 0.000000e+00
0, 14, 0.000000e+00
0, 15, 0.000000e+00
0, 16, 0.000000e+00
0, 17, 0.000000e+00
0, 18, 0.000000e+00
0, 19, 0.000000e+00
0, 20, 0.000000e+00
0, 21, 0.000000e+00
0, 22, 0.000000e+00
0, 23, 0.000000e+00
0, 24, 0.000000e+00
0, 25, 0.000000e+00
0, 26, 0.000000e+00
0, 27, 0.000000e+00
0, 28, 0.000000e+00
0, 29, 0.000000e+00
0, 30, 0.000000e+00
0, 31, 0.000000e+00
0, 32, 0.000000e+00
0, 33, 0.000000e+00
0, 34, 0.000000e+00
0, 35, 0.000000e+00
0, 36, 0.000000e+00
0, 37, 0.000000e+00
0, 38, 0.000000e+00
0, 39, 0.000000e+00
0, 40, 0.000000e+00
0, 41, 0.000000e+00
0, 42, 0.000000e+00
0, 43, 0.000000e+00
0, 44, 0.000000e+00
0, 45, 0.000000e+00
0, 46, 0.000000e+00
0, 47, 0.000000e+00
0, 48, 0.000000e+00
0, 49, 0.000000e+00
0, 50, 0.000000e+00
0, 51, 0.000000e+00
0, 52, 0.000000e+00
0, 53, 0.000000e+00
0, 54, 0.000000e+00
0, 55, 0.000000e+00
0, 56, 0.000000e+00
0, 57, 0.000000e+00
0, 58, 0.000000e+00
0, 59, 0.000000e+00
0, 60, 0.000000e+00
0, 61, 0.000000e+00
0, 62, 0.000000e+00
0, 63, 0.000000e+00
0, 64, 0.000000e+00
0, 65, 0.000000e+00
0, 66, 0.000000e+00
0, 67, 0.000000e+00
0, 68, 0.000000e+00
0, 69, 0.000000e+00
0, 70, 0.000000e+00
0, 71, 0.000000e+00
0, 72, 0.000000e+00
0, 73, 0.000000e+00
0, 74, 0.000000e+00
0, 75, 0.000000e+00
0, 76, 0.000000e+00
0, 77, 0.000000e+00
0, 78, 0.000000e+00
0, 79, 0.000000e+00
0, 80, 0.000000e+00
0, 81, 0.000000e+00
0, 82, 0.000000e+00
0, 83, 0.000000e+00
0, 84, 0.000000e+00
0, 85, 0.000000e+00
0, 86, 0.000000e+00
0, 87, 0.000000e+00
0, 88, 0.000000e+00
0, 89, 0.000000e+00
0, 90, 0.000000e+00
0, 91, 0.000000e+00
0, 92, 0.000000e+00
0, 93, 0.000000e+00
0, 94, 0.000000e+00
0, 95, 0.000000e+00
0, 96, 0.000000e+00
0, 97, 0.000000e+00
0, 98, 0.000000e+00
0, 99, 0.000000e+00
0, 100, 0.000000e+00
0, 101, 0.000000e+00
0, 102, 0.000000e+00
0, 103, 0.000000e+00
0, 104, 0.000000e+00
0, 105, 0.000000e+00
0, 106, 0.000000e+00
0, 107, 0.000000e+00
0, 108, 0.000000e+00
0, 109, 0.000000e+00
0, 110, 0.000000e+00
0, 111, 0.000000e+00
0, 112, 0.000000e+00
0, 113, 0.000000e+00
0, 114, 0.000000e+00
0, 115, 0.000000e+00
0, 116, 0.000000e+00
0, 117, 0.000000e+00
0, 118, 0.000000e+00
0, 119, 0.000000e+00
0, 120, 0.000000e+00
0, 121, 0.000000e+00
0, 122, 0.000000e+00
0, 123, 0.000000e+00
0, 124, 0.000000e+00
0, 125, 0.000000e+00
0, 126, 0.000000e+00
0, 127, 0.000000e+00
0, 128, 0.000000e+00
0, 129, 0.000000e+00
0, 130, 0.000000e+00
0, 131, 0.000000e+00
0, 132, 0.000000e+00
0, 133, 0.000000e+00
0, 134, 0.000000e+00
0, 135, 0.000000e+00
0, 136, 0.000000e+00
0, 137, 0.000000e+00
0, 138, 0.000000e+00
0, 139, 0.000000e+00
0, 140, 0.000000e+00
0, 141, 0.000000e+00
0, 142, 0.000000e+00
0, 143, 0.000000e+00
0, 144, 0.000000e+00
0, 145, 0.000000e+00
0, 146, 0.000000e+00
0, 147, 0.000000e+00
0, 148, 0.000000e+00
0, 149, 0.000000e+00
0, 150, 0.000000e+00
0, 151, 0.000000e+00
0, 152, 0.000000e+00
0, 153, 0.000000e+00
0, 154, 0.000000e+00
0, 155, 0.000000e+00
0, 156, 0.000000e+00
0, 157, 0.000000e+00
0, 158, 0.000000e+00
0, 159, 0.000000e+00
0, 160, 0.000000e+00
0, 161, 0.000000e+00
0, 162, 0.000000e+00
0, 163, 0.000000e+00
0, 164, 0.000000e+00
0, 165, 0.000000e+00
0, 166, 0.000000e+00
0, 167, 0.000000e+00
0, 168, 0.000000e+00
0, 169, 0.000000e+00
0, 170, 0.000000e+00
0, 171, 0.000000e+00
0, 172, 0.000000e+00
0, 173, 0.000000e+00
0, 174, 0.000000e+00
0, 175, 0.000000e+00
0, 176, 0.000000e+00
0, 177, 0.000000e+00
0, 178, 0.000000e+00
0, 179, 0.000000e+00
0, 180, 0.000000e+00
0, 181, 0.000000e+00
0, 182, 0.000000e+00
0, 183, 0.000000e+00
0, 184, 0.000000e+00
0, 185, 0.000000e+00
0, 186, 0.000000e+00
0, 187, 0.000000e+00
0, 188, 0.000000e+00
0, 189, 0.000000e+00
0, 190, 0.000000e+00
0, 191, 0.000000e+00
0, 192, 0.000000e+00
0, 193, 0.000000e+00
0, 194, 0.000000e+00
0, 195, 0.000000e+00
0, 196, 0.000000e+00
0, 197, 0.000000e+00
0, 198, 0.000000e+00
0, 199, 0.000000e+00
0, 200, 0.000000e+00
0, 201, 0.000000e+00
0, 202, 0.000000e+00
0, 203, 0.000000e+00
1, 0, 0.000000e+00
1, 1, 1.000000e+12
1, 2, 0.000000e+00
1, 3, 0.000000e+00
1, 4, 0.000000e+00
1, 5, 0.000000e+00
1, 6, 0.000000e+00
1, 7, 0.000000e+00
1, 8, 0.000000e+00
1, 9, 0.000000e+00
1, 10, 0.000000e+00
1, 11, 0.000000e+00
1, 12, 0.000000e+00
1, 13, 0.000000e+00
1, 14, 0.000000e+00
1, 15, 0.000000e+00
1, 16, 0.000000e+00
1, 17, 0.000000e+00
1, 18, 0.000000e+00
1, 19, 0.000000e+00
1, 20, 0.000000e+00
1, 21, 0.000000e+00
1, 22, 0.000000e+00
1, 23, 0.000000e+00
1, 24, 0.000000e+00
1, 25, 0.000000e+00
1, 26, 0.000000e+00
1, 27, 0.000000e+00
1, 28, 0.000000e+00
1, 29, 0.000000e+00
1, 30, 0.000000e+00
1, 31, 0.000000e+00
1, 32, 0.000000e+00
1, 33, 0.000000e+00
1, 34, 0.000000e+00
1, 35, 0.000000e+00
1, 36, 0.000000e+00
1, 37, 0.000000e+00
1, 38, 0.000000e+00
1, 39, 0.000000e+00
1, 40, 0.000000e+00
1, 41, 0.000000e+00
1, 42, 0.000000e+00
1, 43, 0.000000e+00
1, 44, 0.000000e+00
1, 45, 0.000000e+00
1, 46, 0.000000e+00
1, 47, 0.000000e+00
1, 48, 0.000000e+00
1, 49, 0.000000e+00
1, 50, 0.000000e+00
1, 51, 0.000000e+00
1, 52, 0.000000e+00
1, 53, 0.000000e+00
1, 54, 0.000000e+00
1, 55, 0.000000e+00
1, 56, 0.000000e+00
1, 57, 0.000000e+00
1, 58, 0.000000e+00
1, 59, 0.000000e+00
1, 60, 0.000000e+00
1, 61, 0.000000e+00
1, 62, 0.000000e+00
1, 63, 0.000000e+00
1, 64, 0.000000e+00
1, 65, 0.000000e+00
1, 66, 0.000000e+00
1, 67, 0.000000e+00
1, 68, 0.000000e+00
1, 69, 0.000000e+00
1, 70, 0.000000e+00
1, 71, 0.000000e+00
1, 72, 0.000000e+00
1, 73, 0.000000e+00
1, 74, 0.000000e+00
1, 75, 0.000000e+00
1, 76, 0.000000e+00
1, 77, 0.000000e+00
1, 78, 0.000000e+00
1, 79, 0.000000e+00
1, 80, 0.000000e+00
1, 81, 0.000000e+00
1, 82, 0.000000e+00
1, 83, 0.000000e+00
1, 84, 0.000000e+00
1, 85, 0.000000e+00
1, 86, 0.000000e+00
1, 87, 0.000000e+00
1, 88, 0.000000e+00
1, 89, 0.000000e+00
1, 90, 0.000000e+00
1, 91, 0.000000e+00
1, 92, 0.000000e+00
1, 93, 0.000000e+00
1, 94, 0.000000e+00
1, 95, 0.000000e+00
1, 96, 0.000000e+00
1, 97, 0.000000e+00
1, 98, 0.000000e+00
1, 99, 0.000000e+00
1, 100, 0.000000e+00
1, 101, 0.000000e+00
1, 102, 0.000000e+00
1, 103, 0.000000e+00
1, 104, 0.000000e+00
1, 105, 0.000000e+00
1, 106, 0.000000e+00
1, 107, 0.000000e+00
1, 108, 0.000000e+00
1, 109, 0.000000e+00
1, 110, 0.000000e+00
1, 111, 0.000000e+00
1, 112, 0.000000e+00
1, 113, 0.000000e+00
1, 114, 0.000000e+00
1, 115, 0.000000e+00
1, 116, 0.000000e+00
1, 117, 0.000000e+00
1, 118, 0.000000e+00
1, 119, 0.000000e+00
1, 120, 0.000000e+00
1, 121, 0.000000e+00
1, 122, 0.000000e+00
1, 123, 0.000000e+00
1, 124, 0.000000e+00
1, 125, 0.000000e+00
1, 126, 0.000000e+00
1, 127, 0.000000e+00
1, 128, 0.000000e+00
1, 129, 0.000000e+00
1, 130, 0.000000e+00
1, 131, 0.000000e+00
1, 132, 0.000000e+00
1, 133, 0.000000e+00
1, 134, 0.000000e+00
1, 135, 0.000000e+00
1, 136, 0.000000e+00
1, 137, 0.000000e+00
1, 138, 0.000000e+00
1, 139, 0.000000e+00
1, 140, 0.000000e+00
1, 141, 0.000000e+00
1, 142, 0.000000e+00
1, 143, 0.000000e+00
1, 144, 0.000000e+00
1, 145, 0.000000e+00
1, 146, 0.000000e+00
1, 147, 0.000000e+00
1, 148, 0.000000e+00
1, 149, 0.000000e+00
1, 150, 0.000000e+00
1, 151, 0.000000e+00
1, 152, 0.000000e+00
1, 153, 0.000000e+00
1, 154, 0.000000e+00
1, 155, 0.000000e+00
1, 156, 0.000000e+00
1, 157, 0.000000e+00
1, 158, 0.000000e+00
1, 159, 0.000000e+00
1, 160, 0.000000e+00
1, 161, 0.000000e+00
1, 162, 0.000000e+00
1, 163, 0.000000e+00
1, 164, 0.000000e+00
1, 165, 0.000000e+00
1, 166, 0.000000e+00
1, 167, 0.000000e+00
1, 168, 0.000000e+00
1, 169, 0.000000e+00
1, 170, 0.000000e+00
1, 171, 0.000000e+00
1, 172, 0.000000e+00
1, 173, 0.000000e+00
1, 174, 0.000000e+00
1, 175, 0.000000e+00
1, 176, 0.000000e+00
1, 177, 0.000000e+00
1, 178, 0.000000e+00
1, 179, 0.000000e+00
1, 180, 0.000000e+00
1, 181, 0.000000e+00
1, 182, 0.000000e+00
1, 183, 0.000000e+00
1, 184, 0.000000e+00
1, 185, 0.000000e+00
1, 186, 0.000000e+00
1, 187, 0.000000e+00
1, 188, 0.000000e+00
1, 189, 0.000000e+00
1, 190, 0.000000e+00
1, 191, 0.000000e+00
1, 192, 0.000000e+00
1, 193, 0.000000e+00
1, 194, 0.000000e+00
1, 195, 0.000000e+00
1, 196, 0.000000e+00
1, 197, 0.000000e+00
1, 198, 0.000000e+00
1, 199, 0.000000e+00
1, 200, 0.000000e+00
1, 201, 0.000000e+00
1, 202, 0.000000e+00
1, 203, 0.000000e+00
2, 0, 0.000000e+00
2, 1, 0.000000e+00
2, 2, 1.000000e+12
2, 3, 0.000000e+00
2, 4, 0.000000e+00
2, 5, 0.000000e+00
2, 6, 0.000000e+00
2, 7, 0.000000e+00
2, 8, 0.000000e+00
2, 9, 0.000000e+00
2, 10, 0.000000e+00
2, 11, 0.000000e+00
2, 12, 0.000000e+00
2, 13, 0.000000e+00
2, 14, 0.000000e+00
2, 15, 0.000000e+00
2, 16, 0.000000e+00
2, 17, 0.000000e+00
2, 18, 0.000000e+00
2, 19, 0.000000e+00
2, 20, 0.000000e+00
2, 21, 0.000000e+00
2, 22, 0.000000e+00
2, 23, 0.000000e+00
2, 24, 0.000000e+00
2, 25, 0.000000e+00
2, 26, 0.000000e+00
2, 27, 0.000000e+00
2, 28, 0.000000e+00
2, 29, 0.000000e+00
2, 30, 0.000000e+00
2, 31, 0.000000e+00
2, 32, 0.000000e+00
2, 33, 0.000000e+00
2, 34, 0.000000e+00
2, 35, 0.000000e+00
2, 36, 0.000000e+00
2, 37, 0.000000e+00
2, 38, 0.000000e+00
2, 39, 0.000000e+00
2, 40, 0.000000e+00
2, 41, 0.000000e+00
2, 42, 0.000000e+00
2, 43, 0.000000e+00
2, 44, 0.000000e+00
2, 45, 0.000000e+00
2, 46, 0.000000e+00
2, 47, 0.000000e+00
2, 48, 0.000000e+00
2, 49, 0.000000e+00
2, 50, 0.000000e+00
2, 51, 0.000000e+00
2, 52, 0.000000e+00
2, 53, 0.000000e+00
2, 54, 0.000000e+00
2, 55, 0.000000e+00
2, 56, 0.000000e+00
2, 57, 0.000000e+00
2, 58, 0.000000e+00
2, 59, 0.000000e+00
2, 60, 0.000000e+00
2, 61, 0.000000e+00
2, 62, 0.000000e+00
2, 63, 0.000000e+00
2, 64, 0.000000e+00
2, 65, 0.000000e+00
2, 66, 0.000000e+00
2, 67, 0.000000e+00
2, 68, 0.000000e+00
2, 69, 0.000000e+00
2, 70, 0.000000e+00
2, 71, 0.000000e+00
2, 72, 0.000000e+00
2, 73, 0.000000e+00
2, 74, 0.000000e+00
2, 75, 0.000000e+00
2, 76, 0.000000e+00
2, 77, 0.000000e+00
2, 78, 0.000000e+00
2, 79, 0.000000e+00
2, 80, 0.000000e+00
2, 81, 0.000000e+00
2, 82, 0.000000e+00
2, 83, 0.000000e+00
2, 84, 0.000000e+00
2, 85, 0.000000e+00
2, 86, 0.000000e+00
2, 87, 0.000000e+00
2, 88, 0.000000e+00
2, 89, 0.000000e+00
2, 90, 0.000000e+00
2, 91, 0.000000e+00
2, 92, 0.000000e+00
2, 93, 0.000000e+00
2, 94, 0.000000e+00
2, 95, 0.000000e+00
2, 96, 0.000000e+00
2, 97, 0.000000e+00
2, 98, 0.000000e+00
2, 99, 0.000000e+00
2, 100, 0.000000e+00
2, 101, 0.000000e+00
2, 102, 0.000000e+00
2, 103, 0.000000e+00
2, 104, 0.000000e+00
2, 105, 0.000000e+00
2, 106, 0.000000e+00
2, 107, 0.000000e+00
2, 108, 0.000000e+00
2, 109, 0.000000e+00
2, 110, 0.000000e+00
2, 111, 0.000000e+00
2, 112, 0.000000e+00
2, 113, 0.000000e+00
2, 114, 0.000000e+00
2, 115, 0.000000e+00
2, 116, 0.000000e+00
2, 117, 0.000000e+00
2, 118, 0.000000e+00
2, 119, 0.000000e+00
2, 120, 0.000000e+00
2, 121, 0.000000e+00
2, 122, 0.000000e+00
2, 123, 0.000000e+00
2, 124, 0.000000e+00
2, 125, 0.000000e+00
2, 126, 0.000000e+00
2, 127, 0.000000e+00
2, 128, 0.000000e+00
2, 129, 0.000000e+00
2, 130, 0.000000e+00
2, 131, 0.000000e+00
2, 132, 0.000000e+00
2, 133, 0.000000e+00
2, 134, 0.000000e+00
2, 135, 0.000000e+00
2, 136, 0.000000e+00
2, 137, 0.000000e+00
2, 138, 0.000000e+00
2, 139, 0.000000e+00
2, 140, 0.000000e+00
2, 141, 0.000000e+00
2, 142, 0.000000e+00
2, 143, 0.000000e+00
2, 144, 0.000000e+00
2, 145, 0.000000e+00
2, 146, 0.000000e+00
2, 147, 0.000000e+00
2, 148, 0.000000e+00
2, 149, 0.000000e+00
2, 150, 0.000000e+00
2, 151, 0.000000e+00
2, 152, 0.000000e+00
2, 153, 0.000000e+00
2, 154, 0.000000e+00
2, 155, 0.000000e+00
2, 156, 0.000000e+00
2, 157, 0.000000e+00
2, 158, 0.000000e+00
2, 159, 0.000000e+00
2, 160, 0.000000e+00
2, 161, 0.000000e+00
2, 162, 0.000000e+00
2, 163, 0.000000e+00
2, 164, 0.000000e+00
2, 165, 0.000000e+00
2, 166, 0.000000e+00
2, 167, 0.000000e+00
2, 168, 0.000000e+00
2, 169, 0.000000e+00
2, 170, 0.000000e+00
2, 171, 0.000000e+00
2, 172, 0.000000e+00
2, 173, 0.000000e+00
2, 174, 0.000000e+00
2, 175, 0.000000e+00
2, 176, 0.000000e+00
2, 177, 0.000000e+00
2, 178, 0.000000e+00
2, 179, 0.000000e+00
2, 180, 0.000000e+00
2, 181, 0.000000e+00
2, 182, 0.000000e+00
2, 183, 0.000000e+00
2, 184, 0.000000e+00
2, 185, 0.000000e+00
2, 186, 0.000000e+00
2, 187, 0.000000e+00
2, 188, 0.000000e+00
2, 189, 0.000000e+00
2, 190, 0.000000e+00
2, 191, 0.000000e+00
2, 192, 0.000000e+00
2, 193, 0.000000e+00
2, 194, 0.000000e+00
2, 195, 0.000000e+00
2, 196, 0.000000e+00
2, 197, 0.000000e+00
2, 198, 0.000000e+00
2, 199, 0.000000e+00
2, 200, 0.000000e+00
2, 201, 0.000000e+00
2, 202, 0.000000e+00
2, 203, 0.000000e+00
3, 0, 0.000000e+00
3, 1, 0.000000e+00
3, 2, 0.000000e+00
3, 3, 1.000000e+12
3, 4, 0.000000e+00
3, 5, 0.000000e+00
3, 6, 0.000000e+00
3, 7, 0.000000e+00
3, 8, 0.000000e+00
3, 9, 0.000000e+00
3, 10, 0.000000e+00
3, 11, 0.000000e+00
3, 12, 0.000000e+00
3, 13, 0.000000e+00
3, 14, 0.000000e+00
3, 15, 0.000000e+00
3, 16, 0.000000e+00
3, 17, 0.000000e+00
3, 18, 0.000000e+00
3, 19, 0.000000e+00
3, 20, 0.000000e+00
3, 21, 0.000000e+00
3, 22, 0.000000e+00
3, 23, 0.000000e+00
3, 24, 0.000000e+00
3, 25, 0.000000e+00
3, 26, 0.000000e+00
3, 27, 0.000000e+00
3, 28, 0.000000e+00
3, 29, 0.000000e+00
3, 30, 0.000000e+00
3, 31, 0.000000e+00
3, 32, 0.000000e+00
3, 33, 0.000000e+00
3, 34, 0.000000e+00
3, 35, 0.000000e+00
3, 36, 0.000000e+00
3, 37, 0.000000e+00
3, 38, 0.000000e+00
3, 39, 0.000000e+00
3, 40, 0.000000e+00
3, 41, 0.000000e+00
3, 42, 0.000000e+00
3, 43, 0.000000e+00
3, 44, 0.000000e+00
3, 45, 0.000000e+00
3, 46, 0.000000e+00
3, 47, 0.000000e+00
3, 48, 0.000000e+00
3, 49, 0.000000e+00
3, 50, 0.000000e+00
3, 51, 0.000000e+00
3, 52, 0.000000e+00
3, 53, 0.000000e+00
3, 54, 0.000000e+00
3, 55, 0.000000e+00
3, 56, 0.000000e+00
3, 57, 0.000000e+00
3, 58, 0.000000e+00
3, 59, 0.000000e+00
3, 60, 0.000000e+00
3, 61, 0.000000e+00
3, 62, 0.000000e+00
3, 63, 0.000000e+00
3, 64, 0.000000e+00
3, 65, 0.000000e+00
3, 66, 0.000000e+00
3, 67, 0.000000e+00
3, 68, 0.000000e+00
3, 69, 0.000000e+00
3, 70, 0.000000e+00
3, 71, 0.000000e+00
3, 72, 0.000000e+00
3, 73, 0.000000e+00
3, 74, 0.000000e+00
3, 75, 0.000000e+00
3, 76, 0.000000e+00
3, 77, 0.000000e+00
3, 78, 0.000000e+00
3, 79, 0.000000e+00
3, 80, 0.000000e+00
3, 81, 0.000000e+00
3, 82, 0.000000e+00
3, 83, 0.000000e+00
3, 84, 0.000000e+00
3, 85, 0.000000e+00
3, 86, 0.000000e+00
3, 87, 0.000000e+00
3, 88, 0.000000e+00
3, 89, 0.000000e+00
3, 90, 0.000000e+00
3, 91, 0.000000e+00
3, 92, 0.000000e+00
3, 93, 0.000000e+00
3, 94, 0.000000e+00
3, 95, 0.000000e+00
3, 96, 0.000000e+00
3, 97, 0.000000e+00
3, 98, 0.000000e+00
3, 99, 0.000000e+00
3, 100, 0.000000e+00
3, 101, 0.000000e+00
3, 102, 0.000000e+00
3, 103, 0.000000e+00
3, 104, 0.000000e+00
3, 105, 0.000000e+00
3, 106, 0.000000e+00
3, 107, 0.000000e+00
3, 108, 0.000000e+00
3, 109, 0.000000e+00
3, 110, 0.000000e+00
3, 111, 0.000000e+00
3, 112, 0.000000e+00
3, 113, 0.000000e+00
3, 114, 0.000000e+00
3, 115, 0.000000e+00
3, 116, 0.000000e+00
3, 117, 0.000000e+00
3, 118, 0.000000e+00
3, 119, 0.000000e+00
3, 120, 0.000000e+00
3, 121, 0.000000e+00
3, 122, 0.000000e+00
3, 123, 0.000000e+00
3, 124, 0.000000e+00
3, 125, 0.000000e+00
3, 126, 0.000000e+00
3, 127, 0.000000e+00
3, 128, 0.000000e+00
3, 129, 0.000000e+00
3, 130, 0.000000e+00
3, 131, 0.000000e+00
3, 132, 0.000000e+00
3, 133, 0.000000e+00
3, 134, 0.000000e+00
3, 135, 0.000000e+00
3, 136, 0.000000e+00
3, 137, 0.000000e+00
3, 138, 0.000000e+00
3, 139, 0.000000e+00
3, 140, 0.000000e+00
3, 141, 0.000000e+00
3, 142, 0.000000e+00
3, 143, 0.000000e+00
3, 144, 0.000000e+00
3, 145, 0.000000e+00
3, 146, 0.000000e+00
3, 147, 0.000000e+00
3, 148, 0.000000e+00
3, 149, 0.000000e+00
3, 150, 0.000000e+00
3, 151, 0.000000e+00
3, 152, 0.000000e+00
3, 153, 0.000000e+00
3, 154, 0.000000e+00
3, 155, 0.000000e+00
3, 156, 0.000000e+00
3, 157, 0.000000e+00
3, 158, 0.000000e+00
3, 159, 0.000000e+00
3, 160, 0.000000e+00
3, 161, 0.000000e+00
3, 162, 0.000000e+00
3, 163, 0.000000e+00
3, 164, 0.000000e+00
3, 165, 0.000000e+00
3, 166, 0.000000e+00
3, 167, 0.000000e+00
3, 168, 0.000000e+00
3, 169, 0.000000e+00
3, 170, 0.000000e+00
3, 171, 0.000000e+00
3, 172, 0.000000e+00
3, 173, 0.000000e+00
3, 174, 0.000000e+00
3, 175, 0.000000e+00
3, 176, 0.000000e+00
3, 177, 0.000000e+00
3, 178, 0.000000e+00
3, 179, 0.000000e+00
3, 180, 0.000000e+00
3, 181, 0.000000e+00
3, 182, 0.000000e+00
3, 183, 0.000000e+00
3, 184, 0.000000e+00
3, 185, 0.000000e+00
3, 186, 0.000000e+00
3, 187, 0.000000e+00
3, 188, 0.000000e+00
3, 189, 0.000000e+00
3, 190, 0.000000e+00
3, 191, 0.000000e+00
3, 192, 0.000000e+00
3, 193, 0.000000e+00
3, 194, 0.000000e+00
3, 195, 0.000000e+00
3, 196, 0.000000e+00
3, 197, 0.000000e+00
3, 198, 0.000000e+00
3, 199, 0.000000e+00
3, 200, 0.000000e+00
3, 201, 0.000000e+00
3, 202, 0.000000e+00
3, 203, 0.000000e+00
4, 0, 0.000000e+00
4, 1, 0.000000e+00
4, 2, 0.000000e+00
4, 3, 0.000000e+00
4, 4, 1.000000e+12
4, 5, 0.000000e+00
4, 6, 0.000000e+00
4, 7, 0.000000e+00
4, 8, 0.000000e+00
4, 9, 0.000000e+00
4, 10, 0.000000e+00
4, 11, 0.000000e+00
4, 12, 0.000000e+00
4, 13, 0.000000e+00
4, 14, 0.000000e+00
4, 15, 0.000000e+00
4, 16, 0.000000e+00
4, 17, 0.000000e+00
4, 18, 0.000000e+00
4, 19, 0.000000e+00
4, 20, 0.000000e+00
4, 21, 0.000000e+00
4, 22, 0.000000e+00
4, 23, 0.000000e+00
4, 24, 0.000000e+00
4, 25, 0.000000e+00
4, 26, 0.000000e+00
4, 27, 0.000000e+00
4, 28, 0.000000e+00
4, 29, 0.000000e+00
4, 30, 0.000000e+00
4, 31, 0.000000e+00
4, 32, 0.000000e+00
4, 33, 0.000000e+00
4, 34, 0.000000e+00
4, 35, 0.000000e+00
4, 36, 0.000000e+00
4, 37, 0.000000e+00
4, 38, 0.000000e+00
4, 39, 0.000000e+00
4, 40, 0.000000e+00
4, 41, 0.000000e+00
4, 42, 0.000000e+00
4, 43, 0.000000e+00
4, 44, 0.000000e+00
4, 45, 0.000000e+00
4, 46, 0.000000e+00
4, 47, 0.000000e+00
4, 48, 0.000000e+00
4, 49, 0.000000e+00
4, 50, 0.000000e+00
4, 51, 0.000000e+00
4, 52, 0.000000e+00
4, 53, 0.000000e+00
4, 54, 0.000000e+00
4, 55, 0.000000e+00
4, 56, 0.000000e+00
4, 57, 0.000000e+00
4, 58, 0.000000e+00
4, 59, 0.000000e+00
4, 60, 0.000000e+00
4, 61, 0.000000e+00
4, 62, 0.000000e+00
4, 63, 0.000000e+00
4, 64, 0.000000e+00
4, 65, 0.000000e+00
4, 66, 0.000000e+00
4, 67, 0.000000e+00
4, 68, 0.000000e+00
4, 69, 0.000000e+00
4, 70, 0.000000e+00
4, 71, 0.000000e+00
4, 72, 0.000000e+00
4, 73, 0.000000e+00
4, 74, 0.000000e+00
4, 75, 0.000000e+00
4, 76, 0.000000e+00
4, 77, 0.000000e+00
4, 78, 0.000000e+00
4, 79, 0.000000e+00
4, 80, 0.000000e+00
4, 81, 0.000000e+00
4, 82, 0.000000e+00
4, 83, 0.000000e+00
4, 84, 0.000000e+00
4, 85, 0.000000e+00
4, 86, 0.000000e+00
4, 87, 0.000000e+00
4, 88, 0.000000e+00
4, 89, 0.000000e+00
4, 90, 0.000000e+00
4, 91, 0.000000e+00
4, 92, 0.000000e+00
4, 93, 0.000000e+00
4, 94, 0.000000e+00
4, 95, 0.000000e+00
4, 96, 0.000000e+00
4, 97, 0.000000e+00
4, 98, 0.000000e+00
4, 99, 0.000000e+00
4, 100, 0.000000e+00
4, 101, 0.000000e+00
4, 102, 0.000000e+00
4, 103, 0.000000e+00
4, 104, 0.000000e+00
4, 105, 0.000000e+00
4, 106, 0.000000e+00
4, 107, 0.000000e+00
4, 108, 0.000000e+00
4, 109, 0.000000e+00
4, 110, 0.000000e+00
4, 111, 0.000000e+00
4, 112, 0.000000e+00
4, 113, 0.000000e+00
4, 114, 0.000000e+00
4, 115, 0.000000e+00
4, 116, 0.000000e+00
4, 117, 0.000000e+00
4, 118, 0.000000e+00
4, 119, 0.000000e+00
4, 120, 0.000000e+00
4, 121, 0.000000e+00
4, 122, 0.000000e+00
4, 123, 0.000000e+00
4, 124, 0.000000e+00
4, 125, 0.000000e+00
4, 126, 0.000000e+00
4, 127, 0.000000e+00
4, 128, 0.000000e+00
4, 129, 0.000000e+00
4, 130, 0.000000e+00
4, 131, 0.000000e+00
4, 132, 0.000000e+00
4, 133, 0.000000e+00
4, 134, 0.000000e+00
4, 135, 0.000000e+00
4, 136, 0.000000e+00
4, 137, 0.000000e+00
4, 138, 0.000000e+00
4, 139, 0.000000e+00
4, 140, 0.000000e+00
4, 141, 0.000000e+00
4, 142, 0.000000e+00
4, 143, 0.000000e+00
4, 144, 0.000000e+00
4, 145, 0.000000e+00
4, 146, 0.000000e+00
4, 147, 0.000000e+00
4, 148, 0.000000e+00
4, 149, 0.000000e+00
4, 150, 0.000000e+00
4, 151, 0.000000e+00
4, 152, 0.000000e+00
4, 153, 0.000000e+00
4, 154, 0.000000e+00
4, 155, 0.000000e+00
4, 156, 0.000000e+00
4, 157, 0.000000e+00
4, 158, 0.000000e+00
4, 159, 0.000000e+00
4, 160, 0.000000e+00
4, 161, 0.000000e+00
4, 162, 0.000000e+00
4, 163, 0.000000e+00
4, 164, 0.000000e+00
4, 165, 0.000000e+00
4, 166, 0.000000e+00
4, 167, 0.000000e+00
4, 168, 0.000000e+00
4, 169, 0.000000e+00
4, 170, 0.000000e+00
4, 171, 0.000000e+00
4, 172, 0.000000e+00
4, 173, 0.000000e+00
4, 174, 0.000000e+00
4, 175, 0.000000e+00
4, 176, 0.000000e+00
4, 177, 0.000000e+00
4, 178, 0.000000e+00
4, 179, 0.000000e+00
4, 180, 0.000000e+00
4, 181, 0.000000e+00
4, 182, 0.000000e+00
4, 183, 0.000000e+00
4, 184, 0.000000e+00
4, 185, 0.000000e+00
4, 186, 0.000000e+00
4, 187, 0.000000e+00
4, 188, 0.000000e+00
4, 189, 0.000000e+00
4, 190, 0.000000e+00
4, 191, 0.000000e+00
4, 192, 0.000000e+00
4, 193, 0.000000e+00
4, 194, 0.000000e+00
4, 195, 0.000000e+00
4, 196, 0.000000e+00
4, 197, 0.000000e+00
4, 198, 0.000000e+00
4, 199, 0.000000e+00
4, 200, 0.000000e+00
4, 201, 0.000000e+00
4, 202, 0.000000e+00
4, 203, 0.000000e+00
5, 0, 0.000000e+00
5, 1, 0.000000e+00
5, 2, 0.000000e+00
5, 3, 0.000000e+00
5, 4, 0.000000e+00
5, 5, 1.000000e+12
5, 6, 0.000000e+00
5, 7, 0.000000e+00
5, 8, 0.000000e+00
5, 9, 0.000000e+00
5, 10, 0.000000e+00
5, 11, 0.000000e+00
5, 12, 0.000000e+00
5, 13, 0.000000e+00
5, 14, 0.000000e+00
5, 15, 0.000000e+00
5, 16, 0.000000e+00
5, 17, 0.000000e+00
5, 18, 0.000000e+00
5, 19, 0.000000e+00
5, 20, 0.000000e+00
5, 21, 0.000000e+00
5, 22, 0.000000e+00
5, 23, 0.000000e+00
5, 24, 0.000000e+00
5, 25, 0.000000e+00
5, 26, 0.000000e+00
5, 27, 0.000000e+00
5, 28, 0.000000e+00
5, 29, 0.000000e+00
5, 30, 0.000000e+00
5, 31, 0.000000e+00
5, 32, 0.000000e+00
5, 33, 0.000000e+00
5, 34, 0.000000e+00
5, 35, 0.000000e+00
5, 36, 0.000000e+00
5, 37, 0.000000e+00
5, 38, 0.000000e+00
5, 39, 0.000000e+00
5, 40, 0.000000e+00
5, 41, 0.000000e+00
5, 42, 0.000000e+00
5, 43, 0.000000e+00
5, 44, 0.000000e+00
5, 45, 0.000000e+00
5, 46, 0.000000e+00
5, 47, 0.000000e+00
5, 48, 0.000000e+00
5, 49, 0.000000e+00
5, 50, 0.000000e+00
5, 51, 0.000000e+00
5, 52, 0.000000e+00
5, 53, 0.000000e+00
5, 54, 0.000000e+00
5, 55, 0.000000e+00
5, 56, 0.000000e+00
5, 57, 0.000000e+00
5, 58, 0.000000e+00
5, 59, 0.000000e+00
5, 60, 0.000000e+00
5, 61, 0.000000e+00
5, 62, 0.000000e+00
5, 63, 0.000000e+00
5, 64, 0.000000e+00
5, 65, 0.000000e+00
5, 66, 0.000000e+00
5, 67, 0.000000e+00
5, 68, 0.000000e+00
5, 69, 0.000000e+00
5, 70, 0.000000e+00
5, 71, 0.000000e+00
5, 72, 0.000000e+00
5, 73, 0.000000e+00
5, 74, 0.000000e+00
5, 75, 0.000000e+00
5, 76, 0.000000e+00
5, 77, 0.000000e+00
5, 78, 0.000000e+00
5, 79, 0.000000e+00
5, 80, 0.000000e+00
5, 81, 0.000000e+00
5, 82, 0.000000e+00
5, 83, 0.000000e+00
5, 84, 0.000000e+00
5, 85, 0.000000e+00
5, 86, 0.000000e+00
5, 87, 0.000000e+00
5, 88, 0.000000e+00
5, 89, 0.000000e+00
5, 90, 0.000000e+00
5, 91, 0.000000e+00
5, 92, 0.000000e+00
5, 93, 0.000000e+00
5, 94, 0.000000e+00
5, 95, 0.000000e+00
5, 96, 0.000000e+00
5, 97, 0.000000e+00
5, 98, 0.000000e+00
5, 99, 0.000000e+00
5, 100, 0.000000e+00
5, 101, 0.000000e+00
5, 102, 0.000000e+00
5, 103, 0.000000e+00
5, 104, 0.000000e+00
5, 105, 0.000000e+00
5, 106, 0.000000e+00
5, 107, 0.000000e+00
5, 108, 0.000000e+00
5, 109, 0.000000e+00
5, 110, 0.000000e+00
5, 111, 0.000000e+00
5, 112, 0.000000e+00
5, 113, 0.000000e+00
5, 114, 0.000000e+00
5, 115, 0.000000e+00
5, 116, 0.000000e+00
5, 117, 0.000000e+00
5, 118, 0.000000e+00
5, 119, 0.000000e+00
5, 120, 0.000000e+00
5, 121, 0.000000e+00
5, 122, 0.000000e+00
5, 123, 0.000000e+00
5, 124, 0.000000e+00
5, 125, 0.000000e+00
5, 126, 0.000000e+00
5, 127, 0.000000e+00
5, 128, 0.000000e+00
5, 129, 0.000000e+00
5, 130, 0.000000e+00
5, 131, 0.000000e+00
5, 132, 0.000000e+00
5, 133, 0.000000e+00
5, 134, 0.000000e+00
5, 135, 0.000000e+00
5, 136, 0.000000e+00
5, 137, 0.000000e+00
5, 138, 0.000000e+00
5, 139, 0.000000e+00
5, 140, 0.000000e+00
5, 141, 0.000000e+00
5, 142, 0.000000e+00
5, 143, 0.000000e+00
5, 144, 0.000000e+00
5, 145, 0.000000e+00
5, 146, 0.000000e+00
5, 147, 0.000000e+00
5, 148, 0.000000e+00
5, 149, 0.000000e+00
5, 150, 0.000000e+00
5, 151, 0.000000e+00
5, 152, 0.000000e+00
5, 153, 0.000000e+00
5, 154, 0.000000e+00
5, 155, 0.000000e+00
5, 156, 0.000000e+00
5, 157, 0.000000e+00
5, 158, 0.000000e+00
5, 159, 0.000000e+00
5, 160, 0.000000e+00
5, 161, 0.000000e+00
5, 162, 0.000000e+00
5, 163, 0.000000e+00
5, 164, 0.000000e+00
5, 165, 0.000000e+00
5, 166, 0.000000e+00
5, 167, 0.000000e+00
5, 168, 0.000000e+00
5, 169, 0.000000e+00
5, 170, 0.000000e+00
5, 171, 0.000000e+00
5, 172, 0.000000e+00
5, 173, 0.000000e+00
5, 174, 0.000000e+00
5, 175, 0.000000e+00
5, 176, 0.000000e+00
5, 177, 0.000000e+00
5, 178, 0.000000e+00
5, 179, 0.000000e+00
5, 180, 0.000000e+00
5, 181, 0.000000e+00
5, 182, 0.000000e+00
5, 183, 0.000000e+00
5, 184, 0.000000e+00
5, 185, 0.000000e+00
5, 186, 0.000000e+00
5, 187, 0.000000e+00
5, 188, 0.000000e+00
5, 189, 0.000000e+00
5, 190, 0.000000e+00
5, 191, 0.000000e+00
5, 192, 0.000000e+00
5, 193, 0.000000e+00
5, 194, 0.000000e+00
5, 195, 0.000000e+00
5, 196, 0.000000e+00
5, 197, 0.000000e+00
5, 198, 0.000000e+00
5, 199, 0.000000e+00
5, 200, 0.000000e+00
5, 201, 0.000000e+00
5, 202, 0.000000e+00
5, 203, 0.000000e+00
6, 0, 0.000000e+00
6, 1, 0.000000e+00
6, 2, 0.000000e+00
6, 3, 0.000000e+00
6, 4, 0.000000e+00
6, 5, 0.000000e+00
6, 6, 1.485294e+08
6, 8, -7.313970e+07
7, 0, 0.000000e+00
7, 1, 0.000000e+00
7, 2, 0.000000e+00
7, 3, 0.000000e+00
7, 4, 0.000000e+00
7, 5, 0.000000e+00
7, 7, 1.732580e+07
7, 9, -8.794130e+06
8, 0, 0.000000e+00
8, 1, 0.000000e+00
8, 2, 0.000000e+00
8, 3, 0.000000e+00
8, 4, 0.000000e+00
8, 5, 0.000000e+00
8, 6, -7.313970e+07
8, 8, 1.440960e+08
8, 10, -7.095630e+07
9, 0, 0.000000e+00
9, 1, 0.000000e+00
9, 2, 0.000000e+00
9, 3, 0.000000e+00
9, 4, 0.000000e+00
9, 5, 0.000000e+00
9, 7, -8.794130e+06
9, 9, 1.785886e+07
9, 11, -9.064734e+06
10, 0, 0.000000e+00
10, 1, 0.000000e+00
10, 2, 0.000000e+00
10, 3, 0.000000e+00
10, 4, 0.000000e+00
10, 5, 0.000000e+00
10, 8, -7.095630e+07
10, 10, 1.397949e+08
10, 12, -6.883860e+07
11, 0, 0.000000e+00
11, 1, 0.000000e+00
11, 2, 0.000000e+00
11, 3, 0.000000e+00
11, 4, 0.000000e+00
11, 5, 0.000000e+00
11, 9, -9.064734e+06
11, 11, 1.840833e+07
11, 13, -9.343595e+06
12, 0, 0.000000e+00
12, 1, 0.000000e+00
12, 2, 0.000000e+00
12, 3, 0.000000e+00
12, 4, 0.000000e+00
12, 5, 0.000000e+00
12, 10, -6.883860e+07
12, 12, 1.356225e+08
12, 14, -6.678390e+07
13, 0, 0.000000e+00
13, 1, 0.000000e+00
13, 2, 0.000000e+00
13, 3, 0.000000e+00
13, 4, 0.000000e+00
13, 5, 0.000000e+00
13, 11, -9.343595e+06
13, 13, 1.897466e+07
13, 15, -9.631064e+06
14, 0, 0.000000e+00
14, 1, 0.000000e+00
14, 2, 0.000000e+00
14, 3, 0.000000e+00
14, 4, 0.000000e+00
14, 5, 0.000000e+00
14, 12, -6.678390e+07
14, 14, 1.315743e+08
14, 16, -6.479040e+07
15, 0, 0.000000e+00
15, 1, 0.000000e+00
15, 2, 0.000000e+00
15, 3, 0.000000e+00
15, 4, 0.000000e+00
15, 5, 0.000000e+00
15, 13, -9.631064e+06
15, 15, 1.955846e+07
15, 17, -9.927397e+06
16, 0, 0.000000e+00
16, 1, 0.000000e+00
16, 2, 0.000000e+00
16, 3, 0.000000e+00
16, 4, 0.000000e+00
16, 5, 0.000000e+00
16, 14, -6.479040e+07
16, 16, 1.276467e+08
16, 18, -6.285630e+07
17, 0, 0.000000e+00
17, 1, 0.000000e+00
17, 2, 0.000000e+00
17, 3, 0.000000e+00
17, 4, 0.000000e+00
17, 5, 0.000000e+00
17, 15, -9.927397e+06
17, 17, 2.016026e+07
17, 19, -1.023286e+07
18, 0, 0.000000e+00
18, 1, 0.000000e+00
18, 2, 0.000000e+00
18, 3, 0.000000e+00
18, 4, 0.000000e+00
18, 5, 0.000000e+00
18, 16, -6.285630e+07
18, 18, 1.238367e+08
18, 20, -6.098040e+07
19, 0, 0.000000e+00
19, 1, 0.000000e+00
19, 2, 0.000000e+00
19, 3, 0.000000e+00
19, 4, 0.000000e+00
19, 5, 0.000000e+00
19, 17, -1.023286e+07
19, 19, 2.078052e+07
19, 21, -1.054765e+07
20, 0, 0.000000e+00
20, 1, 0.000000e+00
20, 2, 0.000000e+00
20, 3, 0.000000e+00
20, 4, 0.000000e+00
20, 5, 0.000000e+00
20, 18, -6.098040e+07
20, 20, 1.201407e+08
20, 22, -5.916030e+07
21, 0, 0.000000e+00
21, 1, 0.000000e+00
21, 2, 0.000000e+00
21, 3, 0.000000e+00
21, 4, 0.000000e+00
21, 5, 0.000000e+00
21, 19, -1.054765e+07
21, 21, 2.141981e+07
21, 23, -1.087216e+07
22, 0, 0.000000e+00
22, 1, 0.000000e+00
22, 2, 0.000000e+00
22, 3, 0.000000e+00
22, 4, 0.000000e+00
22, 5, 0.000000e+00
22, 20, -5.916030e+07
22, 22, 1.165545e+08
22, 24, -5.739420e+07
23, 0, 0.000000e+00
23, 1, 0.000000e+00
23, 2, 0.000000e+00
23, 3, 0.000000e+00
23, 4, 0.000000e+00
23, 5, 0.000000e+00
23, 21, -1.087216e+07
23, 23, 2.207886e+07
23, 25, -1.120671e+07
24, 0, 0.000000e+00
24, 1, 0.000000e+00
24, 2, 0.000000e+00
24, 3, 0.000000e+00
24, 4, 0.000000e+00
24, 5, 0.000000e+00
24, 22, -5.739420e+07
24, 24, 1.130754e+08
24, 26, -5.568120e+07
25, 0, 0.000000e+00
25, 1, 0.000000e+00
25, 2, 0.000000e+00
25, 3, 0.000000e+00
25, 4, 0.000000e+00
25, 5, 0.000000e+00
25, 23, -1.120671e+07
25, 25, 2.275818e+07
25, 27, -1.155148e+07
26, 0, 0.000000e+00
26, 1, 0.000000e+00
26, 2, 0.000000e+00
26, 3, 0.000000e+00
26, 4, 0.000000e+00
26, 5, 0.000000e+00
26, 24, -5.568120e+07
26, 26, 1.097004e+08
26, 28, -5.401920e+07
27, 0, 0.000000e+00
27, 1, 0.000000e+00
27, 2, 0.000000e+00
27, 3, 0.000000e+00
27, 4, 0.000000e+00
27, 5, 0.000000e+00
27, 25, -1.155148e+07
27, 27, 2.345835e+07
27, 29, -1.190688e+07
28, 0, 0.000000e+00
28, 1, 0.000000e+00
28, 2, 0.000000e+00
28, 3, 0.000000e+00
28, 4, 0.000000e+00
28, 5, 0.000000e+00
28, 26, -5.401920e+07
28, 28, 1.064259e+08
28, 30, -5.240670e+07
29, 0, 0.000000e+00
29, 1, 0.000000e+00
29, 2, 0.000000e+00
29, 3, 0.000000e+00
29, 4, 0.000000e+00
29, 5, 0.000000e+00
29, 27, -1.190688e+07
29, 29, 2.418012e+07
29, 31, -1.227324e+07
30, 0, 0.000000e+00
30, 1, 0.000000e+00
30, 2, 0.000000e+00
30, 3, 0.000000e+00
30, 4, 0.000000e+00
30, 5, 0.000000e+00
30, 28, -5.240670e+07
30, 30, 1.032492e+08
30, 32, -5.084250e+07
31, 0, 0.000000e+00
31, 1, 0.000000e+00
31, 2, 0.000000e+00
31, 3, 0.000000e+00
31, 4, 0.000000e+00
31, 5, 0.000000e+00
31, 29, -1.227324e+07
31, 31, 2.492407e+07
31, 33, -1.265083e+07
32, 0, 0.000000e+00
32, 1, 0.000000e+00
32, 2, 0.000000e+00
32, 3, 0.000000e+00
32, 4, 0.000000e+00
32, 5, 0.000000e+00
32, 30, -5.084250e+07
32, 32, 1.001676e+08
32, 34, -4.932510e+07
33, 0, 0.000000e+00
33, 1, 0.000000e+00
33, 2, 0.000000e+00
33, 3, 0.000000e+00
33, 4, 0.000000e+00
33, 5, 0.000000e+00
33, 31, -1.265083e+07
33, 33, 2.569085e+07
33, 35, -1.304001e+07
34, 0, 0.000000e+00
34, 1, 0.000000e+00
34, 2, 0.000000e+00
34, 3, 0.000000e+00
34, 4, 0.000000e+00
34, 5, 0.000000e+00
34, 32, -4.932510e+07
34, 34, 9.717750e+07
34, 36, -4.785240e+07
35, 0, 0.000000e+00
35, 1, 0.000000e+00
35, 2, 0.000000e+00
35, 3, 0.000000e+00
35, 4, 0.000000e+00
35, 5, 0.000000e+00
35, 33, -1.304001e+07
35, 35, 2.648135e+07
35, 37, -1.344133e+07
36, 0, 0.000000e+00
36, 1, 0.000000e+00
36, 2, 0.000000e+00
36, 3, 0.000000e+00
36, 4, 0.000000e+00
36, 5, 0.000000e+00
36, 34, -4.785240e+07
36, 36, 9.427680e+07
36, 38, -4.642440e+07
37, 0, 0.000000e+00
37, 1, 0.000000e+00
37, 2, 0.000000e+00
37, 3, 0.000000e+00
37, 4, 0.000000e+00
37, 5, 0.000000e+00
37, 35, -1.344133e+07
37, 37, 2.729612e+07
37, 39, -1.385478e+07
38, 0, 0.000000e+00
38, 1, 0.000000e+00
38, 2, 0.000000e+00
38, 3, 0.000000e+00
38, 4, 0.000000e+00
38, 5, 0.000000e+00
38, 36, -4.642440e+07
38, 38, 9.146310e+07
38, 40, -4.503870e+07
39, 0, 0.000000e+00
39, 1, 0.000000e+00
39, 2, 0.000000e+00
39, 3, 0.000000e+00
39, 4, 0.000000e+00
39, 5, 0.000000e+00
39, 37, -1.385478e+07
39, 39, 2.813583e+07
39, 41, -1.428105e+07
40, 0, 0.000000e+00
40, 1, 0.000000e+00
40, 2, 0.000000e+00
40, 3, 0.000000e+00
40, 4, 0.000000e+00
40, 5, 0.000000e+00
40, 38, -4.503870e+07
40, 40, 8.873310e+07
40, 42, -4.369440e+07
41, 0, 0.000000e+00
41, 1, 0.000000e+00
41, 2, 0.000000e+00
41, 3, 0.000000e+00
41, 4, 0.000000e+00
41, 5, 0.000000e+00
41, 39, -1.428105e+07
41, 41, 2.900147e+07
41, 43, -1.472042e+07
42, 0, 0.000000e+00
42, 1, 0.000000e+00
42, 2, 0.000000e+00
42, 3, 0.000000e+00
42, 4, 0.000000e+00
42, 5, 0.000000e+00
42, 40, -4.369440e+07
42, 42, 8.608440e+07
42, 44, -4.239000e+07
43, 0, 0.000000e+00
43, 1, 0.000000e+00
43, 2, 0.000000e+00
43, 3, 0.000000e+00
43, 4, 0.000000e+00
43, 5, 0.000000e+00
43, 41, -1.472042e+07
43, 43, 2.989381e+07
43, 45, -1.517339e+07
44, 0, 0.000000e+00
44, 1, 0.000000e+00
44, 2, 0.000000e+00
44, 3, 0.000000e+00
44, 4, 0.000000e+00
44, 5, 0.000000e+00
44, 42, -4.239000e+07
44, 44, 8.351490e+07
44, 46, -4.112490e+07
45, 0, 0.000000e+00
45, 1, 0.000000e+00
45, 2, 0.000000e+00
45, 3, 0.000000e+00
45, 4, 0.000000e+00
45, 5, 0.000000e+00
45, 43, -1.517339e+07
45, 45, 3.081355e+07
45, 47, -1.564016e+07
46, 0, 0.000000e+00
46, 1, 0.000000e+00
46, 2, 0.000000e+00
46, 3, 0.000000e+00
46, 4, 0.000000e+00
46, 5, 0.000000e+00
46, 44, -4.112490e+07
46, 46, 8.102220e+07
46, 48, -3.989730e+07
47, 0, 0.000000e+00
47, 1, 0.000000e+00
47, 2, 0.000000e+00
47, 3, 0.000000e+00
47, 4, 0.000000e+00
47, 5, 0.000000e+00
47, 45, -1.564016e+07
47, 47, 3.176155e+07
47, 49, -1.612139e+07
48, 0, 0.000000e+00
48, 1, 0.000000e+00
48, 2, 0.000000e+00
48, 3, 0.000000e+00
48, 4, 0.000000e+00
48, 5, 0.000000e+00
48, 46, -3.989730e+07
48, 48, 7.860360e+07
48, 50, -3.870630e+07
49, 0, 0.000000e+00
49, 1, 0.000000e+00
49, 2, 0.000000e+00
49, 3, 0.000000e+00
49, 4, 0.000000e+00
49, 5, 0.000000e+00
49, 47, -1.612139e+07
49, 49, 3.273884e+07
49, 51, -1.661745e+07
50, 0, 0.000000e+00
50, 1, 0.000000e+00
50, 2, 0.000000e+00
50, 3, 0.000000e+00
50, 4, 0.000000e+00
50, 5, 0.000000e+00
50, 48, -3.870630e+07
50, 50, 7.625760e+07
50, 52, -3.755130e+07
51, 0, 0.000000e+00
51, 1, 0.000000e+00
51, 2, 0.000000e+00
51, 3, 0.000000e+00
51, 4, 0.000000e+00
51, 5, 0.000000e+00
51, 49, -1.661745e+07
51, 51, 3.374602e+07
51, 53, -1.712857e+07
52, 0, 0.000000e+00
52, 1, 0.000000e+00
52, 2, 0.000000e+00
52, 3, 0.000000e+00
52, 4, 0.000000e+00
52, 5, 0.000000e+00
52, 50, -3.755130e+07
52, 52, 7.398150e+07
52, 54, -3.643020e+07
53, 0, 0.000000e+00
53, 1, 0.000000e+00
53, 2, 0.000000e+00
53, 3, 0.000000e+00
53, 4, 0.000000e+00
53, 5, 0.000000e+00
53, 51, -1.712857e+07
53, 53, 3.478425e+07
53, 55, -1.765568e+07
54, 0, 0.000000e+00
54, 1, 0.000000e+00
54, 2, 0.000000e+00
54, 3, 0.000000e+00
54, 4, 0.000000e+00
54, 5, 0.000000e+00
54, 52, -3.643020e+07
54, 54, 7.177290e+07
54, 56, -3.534270e+07
55, 0, 0.000000e+00
55, 1, 0.000000e+00
55, 2, 0.000000e+00
55, 3, 0.000000e+00
55, 4, 0.000000e+00
55, 5, 0.000000e+00
55, 53, -1.765568e+07
55, 55, 3.585463e+07
55, 57, -1.819895e+07
56, 0, 0.000000e+00
56, 1, 0.000000e+00
56, 2, 0.000000e+00
56, 3, 0.000000e+00
56, 4, 0.000000e+00
56, 5, 0.000000e+00
56, 54, -3.534270e+07
56, 56, 6.963060e+07
56, 58, -3.428790e+07
57, 0, 0.000000e+00
57, 1, 0.000000e+00
57, 2, 0.000000e+00
57, 3, 0.000000e+00
57, 4, 0.000000e+00
57, 5, 0.000000e+00
57, 55, -1.819895e+07
57, 57, 3.695775e+07
57, 59, -1.875880e+07
58, 0, 0.000000e+00
58, 1, 0.000000e+00
58, 2, 0.000000e+00
58, 3, 0.000000e+00
58, 4, 0.000000e+00
58, 5, 0.000000e+00
58, 56, -3.428790e+07
58, 58, 6.755250e+07
58, 60, -3.326460e+07
59, 0, 0.000000e+00
59, 1, 0.000000e+00
59, 2, 0.000000e+00
59, 3, 0.000000e+00
59, 4, 0.000000e+00
59, 5, 0.000000e+00
59, 57, -1.875880e+07
59, 59, 3.809467e+07
59, 61, -1.933587e+07
60, 0, 0.000000e+00
60, 1, 0.000000e+00
60, 2, 0.000000e+00
60, 3, 0.000000e+00
60, 4, 0.000000e+00
60, 5, 0.000000e+00
60, 58, -3.326460e+07
60, 60, 6.553620e+07
60, 62, -3.227160e+07
61, 0, 0.000000e+00
61, 1, 0.000000e+00
61, 2, 0.000000e+00
61, 3, 0.000000e+00
61, 4, 0.000000e+00
61, 5, 0.000000e+00
61, 59, -1.933587e+07
61, 61, 3.926671e+07
61, 63, -1.993084e+07
62, 0, 0.000000e+00
62, 1, 0.000000e+00
62, 2, 0.000000e+00
62, 3, 0.000000e+00
62, 4, 0.000000e+00
62, 5, 0.000000e+00
62, 60, -3.227160e+07
62, 62, 6.357990e+07
62, 64, -3.130830e+07
63, 0, 0.000000e+00
63, 1, 0.000000e+00
63, 2, 0.000000e+00
63, 3, 0.000000e+00
63, 4, 0.000000e+00
63, 5, 0.000000e+00
63, 61, -1.993084e+07
63, 63, 4.047491e+07
63, 65, -2.054407e+07
64, 0, 0.000000e+00
64, 1, 0.000000e+00
64, 2, 0.000000e+00
64, 3, 0.000000e+00
64, 4, 0.000000e+00
64, 5, 0.000000e+00
64, 62, -3.130830e+07
64, 64, 6.168210e+07
64, 66, -3.037380e+07
65, 0, 0.000000e+00
65, 1, 0.000000e+00
65, 2, 0.000000e+00
65, 3, 0.000000e+00
65, 4, 0.000000e+00
65, 5, 0.000000e+00
65, 63, -2.054407e+07
65, 65, 4.172022e+07
65, 67, -2.117615e+07
66, 0, 0.000000e+00
66, 1, 0.000000e+00
66, 2, 0.000000e+00
66, 3, 0.000000e+00
66, 4, 0.000000e+00
66, 5, 0.000000e+00
66, 64, -3.037380e+07
66, 66, 5.984100e+07
66, 68, -2.946720e+07
67, 0, 0.000000e+00
67, 1, 0.000000e+00
67, 2, 0.000000e+00
67, 3, 0.000000e+00
67, 4, 0.000000e+00
67, 5, 0.000000e+00
67, 65, -2.117615e+07
67, 67, 4.300380e+07
67, 69, -2.182766e+07
68, 0, 0.000000e+00
68, 1, 0.000000e+00
68, 2, 0.000000e+00
68, 3, 0.000000e+00
68, 4, 0.000000e+00
68, 5, 0.000000e+00
68, 66, -2.946720e+07
68, 68, 5.805510e+07
68, 70, -2.858790e+07
69, 0, 0.000000e+00
69, 1, 0.000000e+00
69, 2, 0.000000e+00
69, 3, 0.000000e+00
69, 4, 0.000000e+00
69, 5, 0.000000e+00
69, 67, -2.182766e+07
69, 69, 4.432669e+07
69, 71, -2.249903e+07
70, 0, 0.000000e+00
70, 1, 0.000000e+00
70, 2, 0.000000e+00
70, 3, 0.000000e+00
70, 4, 0.000000e+00
70, 5, 0.000000e+00
70, 68, -2.858790e+07
70, 70, 5.632230e+07
70, 72, -2.773440e+07
71, 0, 0.000000e+00
71, 1, 0.000000e+00
71, 2, 0.000000e+00
71, 3, 0.000000e+00
71, 4, 0.000000e+00
71, 5, 0.000000e+00
71, 69, -2.249903e+07
71, 71, 4.569045e+07
71, 73, -2.319142e+07
72, 0, 0.000000e+00
72, 1, 0.000000e+00
72, 2, 0.000000e+00
72, 3, 0.000000e+00
72, 4, 0.000000e+00
72, 5, 0.000000e+00
72, 70, -2.773440e+07
72, 72, 5.464080e+07
72, 74, -2.690640e+07
73, 0, 0.000000e+00
73, 1, 0.000000e+00
73, 2, 0.000000e+00
73, 3, 0.000000e+00
73, 4, 0.000000e+00
73, 5, 0.000000e+00
73, 71, -2.319142e+07
73, 73, 4.709651e+07
73, 75, -2.390509e+07
74, 0, 0.000000e+00
74, 1, 0.000000e+00
74, 2, 0.000000e+00
74, 3, 0.000000e+00
74, 4, 0.000000e+00
74, 5, 0.000000e+00
74, 72, -2.690640e+07
74, 74, 5.300970e+07
74, 76, -2.610330e+07
75, 0, 0.000000e+00
75, 1, 0.000000e+00
75, 2, 0.000000e+00
75, 3, 0.000000e+00
75, 4, 0.000000e+00
75, 5, 0.000000e+00
75, 73, -2.390509e+07
75, 75, 4.854566e+07
75, 77, -2.464056e+07
76, 0, 0.000000e+00
76, 1, 0.000000e+00
76, 2, 0.000000e+00
76, 3, 0.000000e+00
76, 4, 0.000000e+00
76, 5, 0.000000e+00
76, 74, -2.610330e+07
76, 76, 5.142780e+07
76, 78, -2.532450e+07
77, 0, 0.000000e+00
77, 1, 0.000000e+00
77, 2, 0.000000e+00
77, 3, 0.000000e+00
77, 4, 0.000000e+00
77, 5, 0.000000e+00
77, 75, -2.464056e+07
77, 77, 5.003889e+07
77, 79, -2.539833e+07
78, 0, 0.000000e+00
78, 1, 0.000000e+00
78, 2, 0.000000e+00
78, 3, 0.000000e+00
78, 4, 0.000000e+00
78, 5, 0.000000e+00
78, 76, -2.532450e+07
78, 78, 4.989270e+07
78, 80, -2.456820e+07
79, 0, 0.000000e+00
79, 1, 0.000000e+00
79, 2, 0.000000e+00
79, 3, 0.000000e+00
79, 4, 0.000000e+00
79, 5, 0.000000e+00
79, 77, -2.539833e+07
79, 79, 5.157851e+07
79, 81, -2.618018e+07
80, 0, 0.000000e+00
80, 1, 0.000000e+00
80, 2, 0.000000e+00
80, 3, 0.000000e+00
80, 4, 0.000000e+00
80, 5, 0.000000e+00
80, 78, -2.456820e+07
80, 80, 4.840320e+07
80, 82, -2.383500e+07
81, 0, 0.000000e+00
81, 1, 0.000000e+00
81, 2, 0.000000e+00
81, 3, 0.000000e+00
81, 4, 0.000000e+00
81, 5, 0.000000e+00
81, 79, -2.618018e+07
81, 81, 5.316571e+07
81, 83, -2.698553e+07
82, 0, 0.000000e+00
82, 1, 0.000000e+00
82, 2, 0.000000e+00
82, 3, 0.000000e+00
82, 4, 0.000000e+00
82, 5, 0.000000e+00
82, 80, -2.383500e+07
82, 82, 4.695870e+07
82, 84, -2.312370e+07
83, 0, 0.000000e+00
83, 1, 0.000000e+00
83, 2, 0.000000e+00
83, 3, 0.000000e+00
83, 4, 0.000000e+00
83, 5, 0.000000e+00
83, 81, -2.698553e+07
83, 83, 5.480114e+07
83, 85, -2.781562e+07
84, 0, 0.000000e+00
84, 1, 0.000000e+00
84, 2, 0.000000e+00
84, 3, 0.000000e+00
84, 4, 0.000000e+00
84, 5, 0.000000e+00
84, 82, -2.312370e+07
84, 84, 4.555710e+07
84, 86, -2.243340e+07
85, 0, 0.000000e+00
85, 1, 0.000000e+00
85, 2, 0.000000e+00
85, 3, 0.000000e+00
85, 4, 0.000000e+00
85, 5, 0.000000e+00
85, 83, -2.781562e+07
85, 85, 5.648715e+07
85, 87, -2.867153e+07
86, 0, 0.000000e+00
86, 1, 0.000000e+00
86, 2, 0.000000e+00
86, 3, 0.000000e+00
86, 4, 0.000000e+00
86, 5, 0.000000e+00
86, 84, -2.243340e+07
86, 86, 4.419720e+07
86, 88, -2.176380e+07
87, 0, 0.000000e+00
87, 1, 0.000000e+00
87, 2, 0.000000e+00
87, 3, 0.000000e+00
87, 4, 0.000000e+00
87, 5, 0.000000e+00
87, 85, -2.867153e+07
87, 87, 5.822520e+07
87, 89, -2.955366e+07
88, 0, 0.000000e+00
88, 1, 0.000000e+00
88, 2, 0.000000e+00
88, 3, 0.000000e+00
88, 4, 0.000000e+00
88, 5, 0.000000e+00
88, 86, -2.176380e+07
88, 88, 4.287810e+07
88, 90, -2.111430e+07
89, 0, 0.000000e+00
89, 1, 0.000000e+00
89, 2, 0.000000e+00
89, 3, 0.000000e+00
89, 4, 0.000000e+00
89, 5, 0.000000e+00
89, 87, -2.955366e+07
89, 89, 6.001643e+07
89, 91, -3.046277e+07
90, 0, 0.000000e+00
90, 1, 0.000000e+00
90, 2, 0.000000e+00
90, 3, 0.000000e+00
90, 4, 0.000000e+00
90, 5, 0.000000e+00
90, 88, -2.111430e+07
90, 90, 4.159830e+07
90, 92, -2.048400e+07
91, 0, 0.000000e+00
91, 1, 0.000000e+00
91, 2, 0.000000e+00
91, 3, 0.000000e+00
91, 4, 0.000000e+00
91, 5, 0.000000e+00
91, 89, -3.046277e+07
91, 91, 6.186288e+07
91, 93, -3.140012e+07
92, 0, 0.000000e+00
92, 1, 0.000000e+00
92, 2, 0.000000e+00
92, 3, 0.000000e+00
92, 4, 0.000000e+00
92, 5, 0.000000e+00
92, 90, -2.048400e+07
92, 92, 4.035630e+07
92, 94, -1.987230e+07
93, 0, 0.000000e+00
93, 1, 0.000000e+00
93, 2, 0.000000e+00
93, 3, 0.000000e+00
93, 4, 0.000000e+00
93, 5, 0.000000e+00
93, 91, -3.140012e+07
93, 93, 6.376678e+07
93, 95, -3.236666e+07
94, 0, 0.000000e+00
94, 1, 0.000000e+00
94, 2, 0.000000e+00
94, 3, 0.000000e+00
94, 4, 0.000000e+00
94, 5, 0.000000e+00
94, 92, -1.987230e+07
94, 94, 3.915180e+07
94, 96, -1.927950e+07
95, 0, 0.000000e+00
95, 1, 0.000000e+00
95, 2, 0.000000e+00
95, 3, 0.000000e+00
95, 4, 0.000000e+00
95, 5, 0.000000e+00
95, 93, -3.236666e+07
95, 95, 6.572852e+07
95, 97, -3.336186e+07
96, 0, 0.000000e+00
96, 1, 0.000000e+00
96, 2, 0.000000e+00
96, 3, 0.000000e+00
96, 4, 0.000000e+00
96, 5, 0.000000e+00
96, 94, -1.927950e+07
96, 96, 3.798330e+07
96, 98, -1.870380e+07
97, 0, 0.000000e+00
97, 1, 0.000000e+00
97, 2, 0.000000e+00
97, 3, 0.000000e+00
97, 4, 0.000000e+00
97, 5, 0.000000e+00
97, 95, -3.336186e+07
97, 97, 6.775059e+07
97, 99, -3.438873e+07
98, 0, 0.000000e+00
98, 1, 0.000000e+00
98, 2, 0.000000e+00
98, 3, 0.000000e+00
98, 4, 0.000000e+00
98, 5, 0.000000e+00
98, 96, -1.870380e+07
98, 98, 3.684960e+07
98, 100, -1.814580e+07
99, 0, 0.000000e+00
99, 1, 0.000000e+00
99, 2, 0.000000e+00
99, 3, 0.000000e+00
99, 4, 0.000000e+00
99, 5, 0.000000e+00
99, 97, -3.438873e+07
99, 99, 6.983495e+07
99, 101, -3.544622e+07
100, 0, 0.000000e+00
100, 1, 0.000000e+00
100, 2, 0.000000e+00
100, 3, 0.000000e+00
100, 4, 0.000000e+00
100, 5, 0.000000e+00
100, 98, -1.814580e+07
100, 100, 3.574980e+07
100, 102, -1.760400e+07
101, 0, 0.000000e+00
101, 1, 0.000000e+00
101, 2, 0.000000e+00
101, 3, 0.000000e+00
101, 4, 0.000000e+00
101, 5, 0.000000e+00
101, 99, -3.544622e+07
101, 101, 7.198337e+07
101, 103, -3.653715e+07
102, 0, 0.000000e+00
102, 1, 0.000000e+00
102, 2, 0.000000e+00
102, 3, 0.000000e+00
102, 4, 0.000000e+00
102, 5, 0.000000e+00
102, 100, -1.760400e+07
102, 102, 3.468240e+07
102, 104, -1.707840e+07
103, 0, 0.000000e+00
103, 1, 0.000000e+00
103, 2, 0.000000e+00
103, 3, 0.000000e+00
103, 4, 0.000000e+00
103, 5, 0.000000e+00
103, 101, -3.653715e+07
103, 103, 7.419876e+07
103, 105, -3.766161e+07
104, 0, 0.000000e+00
104, 1, 0.000000e+00
104, 2, 0.000000e+00
104, 3, 0.000000e+00
104, 4, 0.000000e+00
104, 5, 0.000000e+00
104, 102, -1.707840e+07
104, 104, 3.364740e+07
104, 106, -1.656900e+07
105, 0, 0.000000e+00
105, 1, 0.000000e+00
105, 2, 0.000000e+00
105, 3, 0.000000e+00
105, 4, 0.000000e+00
105, 5, 0.000000e+00
105, 103, -3.766161e+07
105, 105, 7.648109e+07
105, 107, -3.881948e+07
106, 0, 0.000000e+00
106, 1, 0.000000e+00
106, 2, 0.000000e+00
106, 3, 0.000000e+00
106, 4, 0.000000e+00
106, 5, 0.000000e+00
106, 104, -1.656900e+07
106, 106, 3.264330e+07
106, 108, -1.607430e+07
107, 0, 0.000000e+00
107, 1, 0.000000e+00
107, 2, 0.000000e+00
107, 3, 0.000000e+00
107, 4, 0.000000e+00
107, 5, 0.000000e+00
107, 105, -3.881948e+07
107, 107, 7.883367e+07
107, 109, -4.001418e+07
108, 0, 0.000000e+00
108, 1, 0.000000e+00
108, 2, 0.000000e+00
108, 3, 0.000000e+00
108, 4, 0.000000e+00
108, 5, 0.000000e+00
108, 106, -1.607430e+07
108, 108, 3.166860e+07
108, 110, -1.559430e+07
109, 0, 0.000000e+00
109, 1, 0.000000e+00
109, 2, 0.000000e+00
109, 3, 0.000000e+00
109, 4, 0.000000e+00
109, 5, 0.000000e+00
109, 107, -4.001418e+07
109, 109, 8.126002e+07
109, 111, -4.124584e+07
110, 0, 0.000000e+00
110, 1, 0.000000e+00
110, 2, 0.000000e+00
110, 3, 0.000000e+00
110, 4, 0.000000e+00
110, 5, 0.000000e+00
110, 108, -1.559430e+07
110, 110, 3.072330e+07
110, 112, -1.512900e+07
111, 0, 0.000000e+00
111, 1, 0.000000e+00
111, 2, 0.000000e+00
111, 3, 0.000000e+00
111, 4, 0.000000e+00
111, 5, 0.000000e+00
111, 109, -4.124584e+07
111, 111, 8.376022e+07
111, 113, -4.251438e+07
112, 0, 0.000000e+00
112, 1, 0.000000e+00
112, 2, 0.000000e+00
112, 3, 0.000000e+00
112, 4, 0.000000e+00
112, 5, 0.000000e+00
112, 110, -1.512900e+07
112, 112, 2.980650e+07
112, 114, -1.467750e+07
113, 0, 0.000000e+00
113, 1, 0.000000e+00
113, 2, 0.000000e+00
113, 3, 0.000000e+00
113, 4, 0.000000e+00
113, 5, 0.000000e+00
113, 111, -4.251438e+07
113, 113, 8.633655e+07
113, 115, -4.382218e+07
114, 0, 0.000000e+00
114, 1, 0.000000e+00
114, 2, 0.000000e+00
114, 3, 0.000000e+00
114, 4, 0.000000e+00
114, 5, 0.000000e+00
114, 112, -1.467750e+07
114, 114, 2.891670e+07
114, 116, -1.423920e+07
115, 0, 0.000000e+00
115, 1, 0.000000e+00
115, 2, 0.000000e+00
115, 3, 0.000000e+00
115, 4, 0.000000e+00
115, 5, 0.000000e+00
115, 113, -4.382218e+07
115, 115, 8.899325e+07
115, 117, -4.517108e+07
116, 0, 0.000000e+00
116, 1, 0.000000e+00
116, 2, 0.000000e+00
116, 3, 0.000000e+00
116, 4, 0.000000e+00
116, 5, 0.000000e+00
116, 114, -1.423920e+07
116, 116, 2.805360e+07
116, 118, -1.381440e+07
117, 0, 0.000000e+00
117, 1, 0.000000e+00
117, 2, 0.000000e+00
117, 3, 0.000000e+00
117, 4, 0.000000e+00
117, 5, 0.000000e+00
117, 115, -4.517108e+07
117, 117, 9.173119e+07
117, 119, -4.656011e+07
118, 0, 0.000000e+00
118, 1, 0.000000e+00
118, 2, 0.000000e+00
118, 3, 0.000000e+00
118, 4, 0.000000e+00
118, 5, 0.000000e+00
118, 116, -1.381440e+07
118, 118, 2.721630e+07
118, 120, -1.340190e+07
119, 0, 0.000000e+00
119, 1, 0.000000e+00
119, 2, 0.000000e+00
119, 3, 0.000000e+00
119, 4, 0.000000e+00
119, 5, 0.000000e+00
119, 117, -4.656011e+07
119, 119, 9.455331e+07
119, 121, -4.799319e+07
120, 0, 0.000000e+00
120, 1, 0.000000e+00
120, 2, 0.000000e+00
120, 3, 0.000000e+00
120, 4, 0.000000e+00
120, 5, 0.000000e+00
120, 118, -1.340190e+07
120, 120, 2.640360e+07
120, 122, -1.300170e+07
121, 0, 0.000000e+00
121, 1, 0.000000e+00
121, 2, 0.000000e+00
121, 3, 0.000000e+00
121, 4, 0.000000e+00
121, 5, 0.000000e+00
121, 119, -4.799319e+07
121, 121, 9.746365e+07
121, 123, -4.947045e+07
122, 0, 0.000000e+00
122, 1, 0.000000e+00
122, 2, 0.000000e+00
122, 3, 0.000000e+00
122, 4, 0.000000e+00
122, 5, 0.000000e+00
122, 120, -1.300170e+07
122, 122, 2.561550e+07
122, 124, -1.261380e+07
123, 0, 0.000000e+00
123, 1, 0.000000e+00
123, 2, 0.000000e+00
123, 3, 0.000000e+00
123, 4, 0.000000e+00
123, 5, 0.000000e+00
123, 121, -4.947045e+07
123, 123, 1.004622e+08
123, 125, -5.099177e+07
124, 0, 0.000000e+00
124, 1, 0.000000e+00
124, 2, 0.000000e+00
124, 3, 0.000000e+00
124, 4, 0.000000e+00
124, 5, 0.000000e+00
124, 122, -1.261380e+07
124, 124, 2.485140e+07
124, 126, -1.223760e+07
125, 0, 0.000000e+00
125, 1, 0.000000e+00
125, 2, 0.000000e+00
125, 3, 0.000000e+00
125, 4, 0.000000e+00
125, 5, 0.000000e+00
125, 123, -5.099177e+07
125, 125, 1.035511e+08
125, 127, -5.255933e+07
126, 0, 0.000000e+00
126, 1, 0.000000e+00
126, 2, 0.000000e+00
126, 3, 0.000000e+00
126, 4, 0.000000e+00
126, 5, 0.000000e+00
126, 124, -1.223760e+07
126, 126, 2.410950e+07
126, 128, -1.187190e+07
127, 0, 0.000000e+00
127, 1, 0.000000e+00
127, 2, 0.000000e+00
127, 3, 0.000000e+00
127, 4, 0.000000e+00
127, 5, 0.000000e+00
127, 125, -5.255933e+07
127, 127, 1.067377e+08
127, 129, -5.417835e+07
128, 0, 0.000000e+00
128, 1, 0.000000e+00
128, 2, 0.000000e+00
128, 3, 0.000000e+00
128, 4, 0.000000e+00
128, 5, 0.000000e+00
128, 126, -1.187190e+07
128, 128, 2.338950e+07
128, 130, -1.151760e+07
129, 0, 0.000000e+00
129, 1, 0.000000e+00
129, 2, 0.000000e+00
129, 3, 0.000000e+00
129, 4, 0.000000e+00
129, 5, 0.000000e+00
129, 127, -5.417835e+07
129, 129, 1.100233e+08
129, 131, -5.584497e+07
130, 0, 0.000000e+00
130, 1, 0.000000e+00
130, 2, 0.000000e+00
130, 3, 0.000000e+00
130, 4, 0.000000e+00
130, 5, 0.000000e+00
130, 128, -1.151760e+07
130, 130, 2.269170e+07
130, 132, -1.117410e+07
131, 0, 0.000000e+00
131, 1, 0.000000e+00
131, 2, 0.000000e+00
131, 3, 0.000000e+00
131, 4, 0.000000e+00
131, 5, 0.000000e+00
131, 129, -5.584497e+07
131, 131, 1.134067e+08
131, 133, -5.756168e+07
132, 0, 0.000000e+00
132, 1, 0.000000e+00
132, 2, 0.000000e+00
132, 3, 0.000000e+00
132, 4, 0.000000e+00
132, 5, 0.000000e+00
132, 130, -1.117410e+07
132, 132, 2.201430e+07
132, 134, -1.084020e+07
133, 0, 0.000000e+00
133, 1, 0.000000e+00
133, 2, 0.000000e+00
133, 3, 0.000000e+00
133, 4, 0.000000e+00
133, 5, 0.000000e+00
133, 131, -5.756168e+07
133, 133, 1.168964e+08
133, 135, -5.933470e+07
134, 0, 0.000000e+00
134, 1, 0.000000e+00
134, 2, 0.000000e+00
134, 3, 0.000000e+00
134, 4, 0.000000e+00
134, 5, 0.000000e+00
134, 132, -1.084020e+07
134, 134, 2.135700e+07
134, 136, -1.051680e+07
135, 0, 0.000000e+00
135, 1, 0.000000e+00
135, 2, 0.000000e+00
135, 3, 0.000000e+00
135, 4, 0.000000e+00
135, 5, 0.000000e+00
135, 133, -5.933470e+07
135, 135, 1.204940e+08
135, 137, -6.115929e+07
136, 0, 0.000000e+00
136, 1, 0.000000e+00
136, 2, 0.000000e+00
136, 3, 0.000000e+00
136, 4, 0.000000e+00
136, 5, 0.000000e+00
136, 134, -1.051680e+07
136, 136, 2.071980e+07
136, 138, -1.020300e+07
137, 0, 0.000000e+00
137, 1, 0.000000e+00
137, 2, 0.000000e+00
137, 3, 0.000000e+00
137, 4, 0.000000e+00
137, 5, 0.000000e+00
137, 135, -6.115929e+07
137, 137, 1.241996e+08
137, 139, -6.304028e+07
138, 0, 0.000000e+00
138, 1, 0.000000e+00
138, 2, 0.000000e+00
138, 3, 0.000000e+00
138, 4, 0.000000e+00
138, 5, 0.000000e+00
138, 136, -1.020300e+07
138, 138, 2.010150e+07
138, 140, -9.898500e+06
139, 0, 0.000000e+00
139, 1, 0.000000e+00
139, 2, 0.000000e+00
139, 3, 0.000000e+00
139, 4, 0.000000e+00
139, 5, 0.000000e+00
139, 137, -6.304028e+07
139, 139, 1.280198e+08
139, 141, -6.497954e+07
140, 0, 0.000000e+00
140, 1, 0.000000e+00
140, 2, 0.000000e+00
140, 3, 0.000000e+00
140, 4, 0.000000e+00
140, 5, 0.000000e+00
140, 138, -9.898500e+06
140, 140, 1.950120e+07
140, 142, -9.602700e+06
141, 0, 0.000000e+00
141, 1, 0.000000e+00
141, 2, 0.000000e+00
141, 3, 0.000000e+00
141, 4, 0.000000e+00
141, 5, 0.000000e+00
141, 139, -6.497954e+07
141, 141, 1.319607e+08
141, 143, -6.698116e+07
142, 0, 0.000000e+00
142, 1, 0.000000e+00
142, 2, 0.000000e+00
142, 3, 0.000000e+00
142, 4, 0.000000e+00
142, 5, 0.000000e+00
142, 140, -9.602700e+06
142, 142, 1.891920e+07
142, 144, -9.316500e+06
143, 0, 0.000000e+00
143, 1, 0.000000e+00
143, 2, 0.000000e+00
143, 3, 0.000000e+00
143, 4, 0.000000e+00
143, 5, 0.000000e+00
143, 141, -6.698116e+07
143, 143, 1.360200e+08
143, 145, -6.903880e+07
144, 0, 0.000000e+00
144, 1, 0.000000e+00
144, 2, 0.000000e+00
144, 3, 0.000000e+00
144, 4, 0.000000e+00
144, 5, 0.000000e+00
144, 142, -9.316500e+06
144, 144, 1.835460e+07
144, 146, -9.038100e+06
145, 0, 0.000000e+00
145, 1, 0.000000e+00
145, 2, 0.000000e+00
145, 3, 0.000000e+00
145, 4, 0.000000e+00
145, 5, 0.000000e+00
145, 143, -6.903880e+07
145, 145, 1.402042e+08
145, 147, -7.116540e+07
146, 0, 0.000000e+00
146, 1, 0.000000e+00
146, 2, 0.000000e+00
146, 3, 0.000000e+00
146, 4, 0.000000e+00
146, 5, 0.000000e+00
146, 144, -9.038100e+06
146, 146, 1.780650e+07
146, 148, -8.768400e+06
147, 0, 0.000000e+00
147, 1, 0.000000e+00
147, 2, 0.000000e+00
147, 3, 0.000000e+00
147, 4, 0.000000e+00
147, 5, 0.000000e+00
147, 145, -7.116540e+07
147, 147, 1.445197e+08
147, 149, -7.335432e+07
148, 0, 0.000000e+00
148, 1, 0.000000e+00
148, 2, 0.000000e+00
148, 3, 0.000000e+00
148, 4, 0.000000e+00
148, 5, 0.000000e+00
148, 146, -8.768400e+06
148, 148, 1.727520e+07
148, 150, -8.506800e+06
149, 0, 0.000000e+00
149, 1, 0.000000e+00
149, 2, 0.000000e+00
149, 3, 0.000000e+00
149, 4, 0.000000e+00
149, 5, 0.000000e+00
149, 147, -7.335432e+07
149, 149, 1.489644e+08
149, 151, -7.561010e+07
150, 0, 0.000000e+00
150, 1, 0.000000e+00
150, 2, 0.000000e+00
150, 3, 0.000000e+00
150, 4, 0.000000e+00
150, 5, 0.000000e+00
150, 148, -8.506800e+06
150, 150, 1.675950e+07
150, 152, -8.252700e+06
151, 0, 0.000000e+00
151, 1, 0.000000e+00
151, 2, 0.000000e+00
151, 3, 0.000000e+00
151, 4, 0.000000e+00
151, 5, 0.000000e+00
151, 149, -7.561010e+07
151, 151, 1.535482e+08
151, 153, -7.793813e+07
152, 0, 0.000000e+00
152, 1, 0.000000e+00
152, 2, 0.000000e+00
152, 3, 0.000000e+00
152, 4, 0.000000e+00
152, 5, 0.000000e+00
152, 150, -8.252700e+06
152, 152, 1.625910e+07
152, 154, -8.006400e+06
153, 0, 0.000000e+00
153, 1, 0.000000e+00
153, 2, 0.000000e+00
153, 3, 0.000000e+00
153, 4, 0.000000e+00
153, 5, 0.000000e+00
153, 151, -7.793813e+07
153, 153, 1.582739e+08
153, 155, -8.033573e+07
154, 0, 0.000000e+00
154, 1, 0.000000e+00
154, 2, 0.000000e+00
154, 3, 0.000000e+00
154, 4, 0.000000e+00
154, 5, 0.000000e+00
154, 152, -8.006400e+06
154, 154, 1.577400e+07
154, 156, -7.767600e+06
155, 0, 0.000000e+00
155, 1, 0.000000e+00
155, 2, 0.000000e+00
155, 3, 0.000000e+00
155, 4, 0.000000e+00
155, 5, 0.000000e+00
155, 153, -8.033573e+07
155, 155, 1.631412e+08
155, 157, -8.280550e+07
156, 0, 0.000000e+00
156, 1, 0.000000e+00
156, 2, 0.000000e+00
156, 3, 0.000000e+00
156, 4, 0.000000e+00
156, 5, 0.000000e+00
156, 154, -7.767600e+06
156, 156, 1.530330e+07
156, 158, -7.535700e+06
157, 0, 0.000000e+00
157, 1, 0.000000e+00
157, 2, 0.000000e+00
157, 3, 0.000000e+00
157, 4, 0.000000e+00
157, 5, 0.000000e+00
157, 155, -8.280550e+07
157, 157, 1.681592e+08
157, 159, -8.535372e+07
158, 0, 0.000000e+00
158, 1, 0.000000e+00
158, 2, 0.000000e+00
158, 3, 0.000000e+00
158, 4, 0.000000e+00
158, 5, 0.000000e+00
158, 156, -7.535700e+06
158, 158, 1.484640e+07
158, 160, -7.310700e+06
159, 0, 0.000000e+00
159, 1, 0.000000e+00
159, 2, 0.000000e+00
159, 3, 0.000000e+00
159, 4, 0.000000e+00
159, 5, 0.000000e+00
159, 157, -8.535372e+07
159, 159, 1.733343e+08
159, 161, -8.798063e+07
160, 0, 0.000000e+00
160, 1, 0.000000e+00
160, 2, 0.000000e+00
160, 3, 0.000000e+00
160, 4, 0.000000e+00
160, 5, 0.000000e+00
160, 158, -7.310700e+06
160, 160, 1.440300e+07
160, 162, -7.092300e+06
161, 0, 0.000000e+00
161, 1, 0.000000e+00
161, 2, 0.000000e+00
161, 3, 0.000000e+00
161, 4, 0.000000e+00
161, 5, 0.000000e+00
161, 159, -8.798063e+07
161, 161, 1.786705e+08
161, 163, -9.068990e+07
162, 0, 0.000000e+00
162, 1, 0.000000e+00
162, 2, 0.000000e+00
162, 3, 0.000000e+00
162, 4, 0.000000e+00
162, 5, 0.000000e+00
162, 160, -7.092300e+06
162, 162, 1.397310e+07
162, 164, -6.880800e+06
163, 0, 0.000000e+00
163, 1, 0.000000e+00
163, 2, 0.000000e+00
163, 3, 0.000000e+00
163, 4, 0.000000e+00
163, 5, 0.000000e+00
163, 161, -9.068990e+07
163, 163, 1.841674e+08
163, 165, -9.347750e+07
164, 0, 0.000000e+00
164, 1, 0.000000e+00
164, 2, 0.000000e+00
164, 3, 0.000000e+00
164, 4, 0.000000e+00
164, 5, 0.000000e+00
164, 162, -6.880800e+06
164, 164, 1.355610e+07
164, 166, -6.675300e+06
165, 0, 0.000000e+00
165, 1, 0.000000e+00
165, 2, 0.000000e+00
165, 3, 0.000000e+00
165, 4, 0.000000e+00
165, 5, 0.000000e+00
165, 163, -9.347750e+07
165, 165, 1.898327e+08
165, 167, -9.635522e+07
166, 0, 0.000000e+00
166, 1, 0.000000e+00
166, 2, 0.000000e+00
166, 3, 0.000000e+00
166, 4, 0.000000e+00
166, 5, 0.000000e+00
166, 164, -6.675300e+06
166, 166, 1.315170e+07
166, 168, -6.476400e+06
167, 0, 0.000000e+00
167, 1, 0.000000e+00
167, 2, 0.000000e+00
167, 3, 0.000000e+00
167, 4, 0.000000e+00
167, 5, 0.000000e+00
167, 165, -9.635522e+07
167, 167, 1.956697e+08
167, 169, -9.931443e+07
168, 0, 0.000000e+00
168, 1, 0.000000e+00
168, 2, 0.000000e+00
168, 3, 0.000000e+00
168, 4, 0.000000e+00
168, 5, 0.000000e+00
168, 166, -6.476400e+06
168, 168, 1.275900e+07
168, 170, -6.282600e+06
169, 0, 0.000000e+00
169, 1, 0.000000e+00
169, 2, 0.000000e+00
169, 3, 0.000000e+00
169, 4, 0.000000e+00
169, 5, 0.000000e+00
169, 167, -9.931443e+07
169, 169, 2.016924e+08
169, 171, -1.023780e+08
170, 0, 0.000000e+00
170, 1, 0.000000e+00
170, 2, 0.000000e+00
170, 3, 0.000000e+00
170, 4, 0.000000e+00
170, 5, 0.000000e+00
170, 168, -6.282600e+06
170, 170, 1.237800e+07
170, 172, -6.095400e+06
171, 0, 0.000000e+00
171, 1, 0.000000e+00
171, 2, 0.000000e+00
171, 3, 0.000000e+00
171, 4, 0.000000e+00
171, 5, 0.000000e+00
171, 169, -1.023780e+08
171, 171, 2.079002e+08
171, 173, -1.055222e+08
172, 0, 0.000000e+00
172, 1, 0.000000e+00
172, 2, 0.000000e+00
172, 3, 0.000000e+00
172, 4, 0.000000e+00
172, 5, 0.000000e+00
172, 170, -6.095400e+06
172, 172, 1.200870e+07
172, 174, -5.913300e+06
173, 0, 0.000000e+00
173, 1, 0.000000e+00
173, 2, 0.000000e+00
173, 3, 0.000000e+00
173, 4, 0.000000e+00
173, 5, 0.000000e+00
173, 171, -1.055222e+08
173, 173, 2.142939e+08
173, 175, -1.087718e+08
174, 0, 0.000000e+00
174, 1, 0.000000e+00
174, 2, 0.000000e+00
174, 3, 0.000000e+00
174, 4, 0.000000e+00
174, 5, 0.000000e+00
174, 172, -5.913300e+06
174, 174, 1.165020e+07
174, 176, -5.736900e+06
175, 0, 0.000000e+00
175, 1, 0.000000e+00
175, 2, 0.000000e+00
175, 3, 0.000000e+00
175, 4, 0.000000e+00
175, 5, 0.000000e+00
175, 173, -1.087718e+08
175, 175, 2.208881e+08
175, 177, -1.121163e+08
176, 0, 0.000000e+00
176, 1, 0.000000e+00
176, 2, 0.000000e+00
176, 3, 0.000000e+00
176, 4, 0.000000e+00
176, 5, 0.000000e+00
176, 174, -5.736900e+06
176, 176, 1.130280e+07
176, 178, -5.565900e+06
177, 0, 0.000000e+00
177, 1, 0.000000e+00
177, 2, 0.000000e+00
177, 3, 0.000000e+00
177, 4, 0.000000e+00
177, 5, 0.000000e+00
177, 175, -1.121163e+08
177, 177, 2.276771e+08
177, 179, -1.155608e+08
178, 0, 0.000000e+00
178, 1, 0.000000e+00
178, 2, 0.000000e+00
178, 3, 0.000000e+00
178, 4, 0.000000e+00
178, 5, 0.000000e+00
178, 176, -5.565900e+06
178, 178, 1.096530e+07
178, 180, -5.399400e+06
179, 0, 0.000000e+00
179, 1, 0.000000e+00
179, 2, 0.000000e+00
179, 3, 0.000000e+00
179, 4, 0.000000e+00
179, 5, 0.000000e+00
179, 177, -1.155608e+08
179, 179, 2.346852e+08
179, 181, -1.191243e+08
180, 0, 0.000000e+00
180, 1, 0.000000e+00
180, 2, 0.000000e+00
180, 3, 0.000000e+00
180, 4, 0.000000e+00
180, 5, 0.000000e+00
180, 178, -5.399400e+06
180, 180, 1.063770e+07
180, 182, -5.238300e+06
181, 0, 0.000000e+00
181, 1, 0.000000e+00
181, 2, 0.000000e+00
181, 3, 0.000000e+00
181, 4, 0.000000e+00
181, 5, 0.000000e+00
181, 179, -1.191243e+08
181, 181, 2.419123e+08
181, 183, -1.227879e+08
182, 0, 0.000000e+00
182, 1, 0.000000e+00
182, 2, 0.000000e+00
182, 3, 0.000000e+00
182, 4, 0.000000e+00
182, 5, 0.000000e+00
182, 180, -5.238300e+06
182, 182, 1.032030e+07
182, 184, -5.082000e+06
183, 0, 0.000000e+00
183, 1, 0.000000e+00
183, 2, 0.000000e+00
183, 3, 0.000000e+00
183, 4, 0.000000e+00
183, 5, 0.000000e+00
183, 181, -1.227879e+08
183, 183, 2.493523e+08
183, 185, -1.265643e+08
184, 0, 0.000000e+00
184, 1, 0.000000e+00
184, 2, 0.000000e+00
184, 3, 0.000000e+00
184, 4, 0.000000e+00
184, 5, 0.000000e+00
184, 182, -5.082000e+06
184, 184, 1.001220e+07
184, 186, -4.930200e+06
185, 0, 0.000000e+00
185, 1, 0.000000e+00
185, 2, 0.000000e+00
185, 3, 0.000000e+00
185, 4, 0.000000e+00
185, 5, 0.000000e+00
185, 183, -1.265643e+08
185, 185, 2.570256e+08
185, 187, -1.304612e+08
186, 0, 0.000000e+00
186, 1, 0.000000e+00
186, 2, 0.000000e+00
186, 3, 0.000000e+00
186, 4, 0.000000e+00
186, 5, 0.000000e+00
186, 184, -4.930200e+06
186, 186, 9.713400e+06
186, 188, -4.783200e+06
187, 0, 0.000000e+00
187, 1, 0.000000e+00
187, 2, 0.000000e+00
187, 3, 0.000000e+00
187, 4, 0.000000e+00
187, 5, 0.000000e+00
187, 185, -1.304612e+08
187, 187, 2.649319e+08
187, 189, -1.344706e+08
188, 0, 0.000000e+00
188, 1, 0.000000e+00
188, 2, 0.000000e+00
188, 3, 0.000000e+00
188, 4, 0.000000e+00
188, 5, 0.000000e+00
188, 186, -4.783200e+06
188, 188, 9.423600e+06
188, 190, -4.640400e+06
189, 0, 0.000000e+00
189, 1, 0.000000e+00
189, 2, 0.000000e+00
189, 3, 0.000000e+00
189, 4, 0.000000e+00
189, 5, 0.000000e+00
189, 187, -1.344706e+08
189, 189, 2.730794e+08
189, 191, -1.386087e+08
190, 0, 0.000000e+00
190, 1, 0.000000e+00
190, 2, 0.000000e+00
190, 3, 0.000000e+00
190, 4, 0.000000e+00
190, 5, 0.000000e+00
190, 188, -4.640400e+06
190, 190, 9.142200e+06
190, 192, -4.501800e+06
191, 0, 0.000000e+00
191, 1, 0.000000e+00
191, 2, 0.000000e+00
191, 3, 0.000000e+00
191, 4, 0.000000e+00
191, 5, 0.000000e+00
191, 189, -1.386087e+08
191, 191, 2.814849e+08
191, 193, -1.428762e+08
192, 0, 0.000000e+00
192, 1, 0.000000e+00
192, 2, 0.000000e+00
192, 3, 0.000000e+00
192, 4, 0.000000e+00
192, 5, 0.000000e+00
192, 190, -4.501800e+06
192, 192, 8.869500e+06
192, 194, -4.367700e+06
193, 0, 0.000000e+00
193, 1, 0.000000e+00
193, 2, 0.000000e+00
193, 3, 0.000000e+00
193, 4, 0.000000e+00
193, 5, 0.000000e+00
193, 191, -1.428762e+08
193, 193, 2.901390e+08
193, 195, -1.472629e+08
194, 0, 0.000000e+00
194, 1, 0.000000e+00
194, 2, 0.000000e+00
194, 3, 0.000000e+00
194, 4, 0.000000e+00
194, 5, 0.000000e+00
194, 192, -4.367700e+06
194, 194, 8.604600e+06
194, 196, -4.236900e+06
195, 0, 0.000000e+00
195, 1, 0.000000e+00
195, 2, 0.000000e+00
195, 3, 0.000000e+00
195, 4, 0.000000e+00
195, 5, 0.000000e+00
195, 193, -1.472629e+08
195, 195, 2.990720e+08
195, 197, -1.518091e+08
196, 0, 0.000000e+00
196, 1, 0.000000e+00
196, 2, 0.000000e+00
196, 3, 0.000000e+00
196, 4, 0.000000e+00
196, 5, 0.000000e+00
196, 194, -4.236900e+06
196, 196, 8.347500e+06
196, 198, -4.110600e+06
197, 0, 0.000000e+00
197, 1, 0.000000e+00
197, 2, 0.000000e+00
197, 3, 0.000000e+00
197, 4, 0.000000e+00
197, 5, 0.000000e+00
197, 195, -1.518091e+08
197, 197, 3.082826e+08
197, 199, -1.564735e+08
198, 0, 0.000000e+00
198, 1, 0.000000e+00
198, 2, 0.000000e+00
198, 3, 0.000000e+00
198, 4, 0.000000e+00
198, 5, 0.000000e+00
198, 196, -4.110600e+06
198, 198, 8.098800e+06
198, 200, -3.988200e+06
199, 0, 0.000000e+00
199, 1, 0.000000e+00
199, 2, 0.000000e+00
199, 3, 0.000000e+00
199, 4, 0.000000e+00
199, 5, 0.000000e+00
199, 197, -1.564735e+08
199, 199, 3.177493e+08
199, 201, -1.612758e+08
200, 0, 0.000000e+00
200, 1, 0.000000e+00
200, 2, 0.000000e+00
200, 3, 0.000000e+00
200, 4, 0.000000e+00
200, 5, 0.000000e+00
200, 198, -3.988200e+06
200, 200, 7.857000e+06
200, 202, -3.868800e+06
201, 0, 0.000000e+00
201, 1, 0.000000e+00
201, 2, 0.000000e+00
201, 3, 0.000000e+00
201, 4, 0.000000e+00
201, 5, 0.000000e+00
201, 199, -1.612758e+08
201, 201, 3.275289e+08
201, 203, -1.662531e+08
202, 0, 0.000000e+00
202, 1, 0.000000e+00
202, 2, 0.000000e+00
202, 3, 0.000000e+00
202, 4, 0.000000e+00
202, 5, 0.000000e+00
202, 200, -3.868800e+06
202, 202, 3.868800e+06
203, 0, 0.000000e+00
203, 1, 0.000000e+00
203, 2, 0.000000e+00
203, 3, 0.000000e+00
203, 4, 0.000000e+00
203, 5, 0.000000e+00
203, 201, -1.662531e+08
203, 203, 1.662531e+08
