Force Vector: global_F_mod

0.00e+00
0.00e+00
0.00e+00
0.00e+00
0.00e+00
0.00e+00
0.00e+00
-8.00e+02
0.00e+00
0.00e+00
0.00e+00
0.00e+00
0.00e+00
-8.00e+02
0.00e+00
0.00e+00
0.00e+00
0.00e+00
0.00e+00
-8.00e+02
0.00e+00
0.00e+00
0.00e+00
0.00e+00
0.00e+00
-8.00e+02
0.00e+00
0.00e+00
0.00e+00
0.00e+00
0.00e+00
-8.00e+02
0.00e+00
0.00e+00
0.00e+00
0.00e+00
0.00e+00
-8.00e+02
0.00e+00
0.00e+00
0.00e+00
0.00e+00
0.00e+00
-8.00e+02
0.00e+00
0.00e+00
0.00e+00
0.00e+00
0.00e+00
-8.00e+02
0.00e+00
0.00e+00
0.00e+00
0.00e+00
0.00e+00
-8.00e+02
0.00e+00
0.00e+00
0.00e+00
0.00e+00
0.00e+00
-8.00e+02
0.00e+00
0.00e+00
0.00e+00
0.00e+00