Force Vector: global_F

0.00e+00
9.95e-14
0.00e+00
0.00e+00
0.00e+00
0.00e+00
0.00e+00
-8.00e+02
0.00e+00
0.00e+00
0.00e+00
0.00e+00
0.00e+00
-8.00e+02
0.00e+00
0.00e+00
0.00e+00
0.00e+00
0.00e+00
-8.00e+02
0.00e+00
0.00e+00
0.00e+00
0.00e+00
0.00e+00
-8.00e+02
0.00e+00
0.00e+00
0.00e+00
0.00e+00
0.00e+00
-8.00e+02
0.00e+00
0.00e+00
0.00e+00
0.00e+00
0.00e+00
-8.00e+02
0.00e+00
0.00e+00
0.00e+00
0.00e+00
0.00e+00
-8.00e+02
0.00e+00
0.00e+00
0.00e+00
0.00e+00
0.00e+00
-8.00e+02
0.00e+00
0.00e+00
0.00e+00
0.00e+00
0.00e+00
-8.00e+02
0.00e+00
0.00e+00
0.00e+00
0.00e+00
0.00e+00
-8.00e+02
0.00e+00
0.00e+00
0.00e+00
0.00e+00