# Static simulation
# Job: job_0004
# Scale: global
# Data key: U_global
# Timestamp (runner starts): 2025-04-11_19-52-51
# Data:
0.000000e+00
0.000000e+00
0.000000e+00
0.000000e+00
0.000000e+00
0.000000e+00
0.000000e+00
-1.850466e-10
0.000000e+00
0.000000e+00
0.000000e+00
-4.303892e-10
0.000000e+00
-7.651364e-10
0.000000e+00
0.000000e+00
0.000000e+00
-7.784431e-10
0.000000e+00
-1.661677e-09
0.000000e+00
0.000000e+00
0.000000e+00
-1.052894e-09
0.000000e+00
-2.804807e-09
0.000000e+00
0.000000e+00
0.000000e+00
-1.262475e-09
0.000000e+00
-4.133400e-09
0.000000e+00
0.000000e+00
0.000000e+00
-1.415918e-09
0.000000e+00
-5.595060e-09
0.000000e+00
0.000000e+00
0.000000e+00
-1.521956e-09
0.000000e+00
-7.146124e-09
0.000000e+00
0.000000e+00
0.000000e+00
-1.589321e-09
0.000000e+00
-8.751663e-09
0.000000e+00
0.000000e+00
0.000000e+00
-1.626747e-09
0.000000e+00
-1.038548e-08
0.000000e+00
0.000000e+00
0.000000e+00
-1.642964e-09
0.000000e+00
-1.203011e-08
-0.000000e+00
0.000000e+00
0.000000e+00
-1.646707e-09
