# Static simulation
# Job: job_0004
# Scale: global
# Data key: K_mod
# Timestamp (runner starts): 2025-04-11_19-52-51
# Data:
0, 0, 1.000000e+36
1, 1, 1.000000e+36
2, 2, 1.000000e+36
3, 3, 1.000000e+36
4, 4, 1.000000e+36
5, 5, 1.000000e+36
6, 6, 1.822000e+10
6, 12, -9.110000e+09
7, 7, 6.733440e+17
7, 11, 4.809600e+16
7, 13, -3.366720e+17
7, 17, 1.442880e+17
8, 8, 6.746880e+17
8, 10, -4.819200e+16
8, 14, -3.373440e+17
8, 16, -1.445760e+17
9, 9, 2.549228e+10
9, 15, -1.274614e+10
10, 8, -4.819200e+16
10, 10, 1.767040e+17
10, 14, 1.927680e+17
10, 16, 8.032000e+16
11, 7, 4.809600e+16
11, 11, 1.763520e+17
11, 13, -1.923840e+17
11, 17, 8.016000e+16
12, 6, -9.110000e+09
12, 12, 1.822000e+10
12, 18, -9.110000e+09
13, 7, -3.366720e+17
13, 11, -1.923840e+17
13, 13, 6.733440e+17
13, 17, 4.809600e+16
13, 19, -3.366720e+17
13, 23, 1.442880e+17
14, 8, -3.373440e+17
14, 10, 1.927680e+17
14, 14, 6.746880e+17
14, 16, -4.819200e+16
14, 20, -3.373440e+17
14, 22, -1.445760e+17
15, 9, -1.274614e+10
15, 15, 2.549228e+10
15, 21, -1.274614e+10
16, 8, -1.445760e+17
16, 10, 8.032000e+16
16, 14, -4.819200e+16
16, 16, 1.767040e+17
16, 20, 1.927680e+17
16, 22, 8.032000e+16
17, 7, 1.442880e+17
17, 11, 8.016000e+16
17, 13, 4.809600e+16
17, 17, 1.763520e+17
17, 19, -1.923840e+17
17, 23, 8.016000e+16
18, 12, -9.110000e+09
18, 18, 1.822000e+10
18, 24, -9.110000e+09
19, 13, -3.366720e+17
19, 17, -1.923840e+17
19, 19, 6.733440e+17
19, 23, 4.809600e+16
19, 25, -3.366720e+17
19, 29, 1.442880e+17
20, 14, -3.373440e+17
20, 16, 1.927680e+17
20, 20, 6.746880e+17
20, 22, -4.819200e+16
20, 26, -3.373440e+17
20, 28, -1.445760e+17
21, 15, -1.274614e+10
21, 21, 2.549228e+10
21, 27, -1.274614e+10
22, 14, -1.445760e+17
22, 16, 8.032000e+16
22, 20, -4.819200e+16
22, 22, 1.767040e+17
22, 26, 1.927680e+17
22, 28, 8.032000e+16
23, 13, 1.442880e+17
23, 17, 8.016000e+16
23, 19, 4.809600e+16
23, 23, 1.763520e+17
23, 25, -1.923840e+17
23, 29, 8.016000e+16
24, 18, -9.110000e+09
24, 24, 1.822000e+10
24, 30, -9.110000e+09
25, 19, -3.366720e+17
25, 23, -1.923840e+17
25, 25, 6.733440e+17
25, 29, 4.809600e+16
25, 31, -3.366720e+17
25, 35, 1.442880e+17
26, 20, -3.373440e+17
26, 22, 1.927680e+17
26, 26, 6.746880e+17
26, 28, -4.819200e+16
26, 32, -3.373440e+17
26, 34, -1.445760e+17
27, 21, -1.274614e+10
27, 27, 2.549228e+10
27, 33, -1.274614e+10
28, 20, -1.445760e+17
28, 22, 8.032000e+16
28, 26, -4.819200e+16
28, 28, 1.767040e+17
28, 32, 1.927680e+17
28, 34, 8.032000e+16
29, 19, 1.442880e+17
29, 23, 8.016000e+16
29, 25, 4.809600e+16
29, 29, 1.763520e+17
29, 31, -1.923840e+17
29, 35, 8.016000e+16
30, 24, -9.110000e+09
30, 30, 1.822000e+10
30, 36, -9.110000e+09
31, 25, -3.366720e+17
31, 29, -1.923840e+17
31, 31, 6.733440e+17
31, 35, 4.809600e+16
31, 37, -3.366720e+17
31, 41, 1.442880e+17
32, 26, -3.373440e+17
32, 28, 1.927680e+17
32, 32, 6.746880e+17
32, 34, -4.819200e+16
32, 38, -3.373440e+17
32, 40, -1.445760e+17
33, 27, -1.274614e+10
33, 33, 2.549228e+10
33, 39, -1.274614e+10
34, 26, -1.445760e+17
34, 28, 8.032000e+16
34, 32, -4.819200e+16
34, 34, 1.767040e+17
34, 38, 1.927680e+17
34, 40, 8.032000e+16
35, 25, 1.442880e+17
35, 29, 8.016000e+16
35, 31, 4.809600e+16
35, 35, 1.763520e+17
35, 37, -1.923840e+17
35, 41, 8.016000e+16
36, 30, -9.110000e+09
36, 36, 1.822000e+10
36, 42, -9.110000e+09
37, 31, -3.366720e+17
37, 35, -1.923840e+17
37, 37, 6.733440e+17
37, 41, 4.809600e+16
37, 43, -3.366720e+17
37, 47, 1.442880e+17
38, 32, -3.373440e+17
38, 34, 1.927680e+17
38, 38, 6.746880e+17
38, 40, -4.819200e+16
38, 44, -3.373440e+17
38, 46, -1.445760e+17
39, 33, -1.274614e+10
39, 39, 2.549228e+10
39, 45, -1.274614e+10
40, 32, -1.445760e+17
40, 34, 8.032000e+16
40, 38, -4.819200e+16
40, 40, 1.767040e+17
40, 44, 1.927680e+17
40, 46, 8.032000e+16
41, 31, 1.442880e+17
41, 35, 8.016000e+16
41, 37, 4.809600e+16
41, 41, 1.763520e+17
41, 43, -1.923840e+17
41, 47, 8.016000e+16
42, 36, -9.110000e+09
42, 42, 1.822000e+10
42, 48, -9.110000e+09
43, 37, -3.366720e+17
43, 41, -1.923840e+17
43, 43, 6.733440e+17
43, 47, 4.809600e+16
43, 49, -3.366720e+17
43, 53, 1.442880e+17
44, 38, -3.373440e+17
44, 40, 1.927680e+17
44, 44, 6.746880e+17
44, 46, -4.819200e+16
44, 50, -3.373440e+17
44, 52, -1.445760e+17
45, 39, -1.274614e+10
45, 45, 2.549228e+10
45, 51, -1.274614e+10
46, 38, -1.445760e+17
46, 40, 8.032000e+16
46, 44, -4.819200e+16
46, 46, 1.767040e+17
46, 50, 1.927680e+17
46, 52, 8.032000e+16
47, 37, 1.442880e+17
47, 41, 8.016000e+16
47, 43, 4.809600e+16
47, 47, 1.763520e+17
47, 49, -1.923840e+17
47, 53, 8.016000e+16
48, 42, -9.110000e+09
48, 48, 1.822000e+10
48, 54, -9.110000e+09
49, 43, -3.366720e+17
49, 47, -1.923840e+17
49, 49, 6.733440e+17
49, 53, 4.809600e+16
49, 55, -3.366720e+17
49, 59, 1.442880e+17
50, 44, -3.373440e+17
50, 46, 1.927680e+17
50, 50, 6.746880e+17
50, 52, -4.819200e+16
50, 56, -3.373440e+17
50, 58, -1.445760e+17
51, 45, -1.274614e+10
51, 51, 2.549228e+10
51, 57, -1.274614e+10
52, 44, -1.445760e+17
52, 46, 8.032000e+16
52, 50, -4.819200e+16
52, 52, 1.767040e+17
52, 56, 1.927680e+17
52, 58, 8.032000e+16
53, 43, 1.442880e+17
53, 47, 8.016000e+16
53, 49, 4.809600e+16
53, 53, 1.763520e+17
53, 55, -1.923840e+17
53, 59, 8.016000e+16
54, 48, -9.110000e+09
54, 54, 1.822000e+10
54, 60, -9.110000e+09
55, 49, -3.366720e+17
55, 53, -1.923840e+17
55, 55, 6.733440e+17
55, 59, 4.809600e+16
55, 61, -3.366720e+17
55, 65, 1.442880e+17
56, 50, -3.373440e+17
56, 52, 1.927680e+17
56, 56, 6.746880e+17
56, 58, -4.819200e+16
56, 62, -3.373440e+17
56, 64, -1.445760e+17
57, 51, -1.274614e+10
57, 57, 2.549228e+10
57, 63, -1.274614e+10
58, 50, -1.445760e+17
58, 52, 8.032000e+16
58, 56, -4.819200e+16
58, 58, 1.767040e+17
58, 62, 1.927680e+17
58, 64, 8.032000e+16
59, 49, 1.442880e+17
59, 53, 8.016000e+16
59, 55, 4.809600e+16
59, 59, 1.763520e+17
59, 61, -1.923840e+17
59, 65, 8.016000e+16
60, 54, -9.110000e+09
60, 60, 9.110000e+09
61, 55, -3.366720e+17
61, 59, -1.923840e+17
61, 61, 3.366720e+17
61, 65, -1.442880e+17
62, 56, -3.373440e+17
62, 58, 1.927680e+17
62, 62, 3.373440e+17
62, 64, 1.445760e+17
63, 57, -1.274614e+10
63, 63, 1.274614e+10
64, 56, -1.445760e+17
64, 58, 8.032000e+16
64, 62, 1.445760e+17
64, 64, 6.425600e+16
65, 55, 1.442880e+17
65, 59, 8.016000e+16
65, 61, -1.442880e+17
65, 65, 6.412800e+16
