# Static simulation
# Job: job_0004
# Scale: global
# Data key: R_cond
# Timestamp (runner starts): 2025-04-11_19-52-51
# Data:
0.000000e+00
3.637979e-12
0.000000e+00
0.000000e+00
0.000000e+00
-2.980232e-08
0.000000e+00
3.637979e-12
0.000000e+00
0.000000e+00
0.000000e+00
-1.490116e-08
0.000000e+00
-8.941061e-08
0.000000e+00
0.000000e+00
0.000000e+00
-1.639128e-07
0.000000e+00
-8.939969e-08
0.000000e+00
0.000000e+00
0.000000e+00
2.980232e-08
0.000000e+00
-5.960828e-08
0.000000e+00
0.000000e+00
0.000000e+00
1.341105e-07
0.000000e+00
-3.637979e-12
0.000000e+00
0.000000e+00
0.000000e+00
-1.937151e-07
0.000000e+00
-2.086199e-07
0.000000e+00
0.000000e+00
0.000000e+00
-2.384186e-07
0.000000e+00
-2.384004e-07
0.000000e+00
0.000000e+00
0.000000e+00
1.788139e-07
0.000000e+00
-9.536780e-07
0.000000e+00
0.000000e+00
0.000000e+00
-8.940697e-08
0.000000e+00
0.000000e+00
0.000000e+00
0.000000e+00
0.000000e+00
-3.725290e-07
