# Static simulation
# Job: job_0005
# Scale: global
# Data key: U_global
# Timestamp (runner starts): 2025-03-14_16-54-21
# Data:
0.000000e+00
0.000000e+00
0.000000e+00
0.000000e+00
0.000000e+00
0.000000e+00
0.000000e+00
-1.737223e-11
0.000000e+00
0.000000e+00
0.000000e+00
0.000000e+00
0.000000e+00
-3.457039e-11
0.000000e+00
0.000000e+00
0.000000e+00
0.000000e+00
0.000000e+00
-5.124635e-11
0.000000e+00
0.000000e+00
0.000000e+00
0.000000e+00
0.000000e+00
-6.705194e-11
0.000000e+00
0.000000e+00
0.000000e+00
0.000000e+00
0.000000e+00
-8.163905e-11
0.000000e+00
0.000000e+00
0.000000e+00
0.000000e+00
0.000000e+00
-9.465952e-11
0.000000e+00
0.000000e+00
0.000000e+00
0.000000e+00
0.000000e+00
-1.057652e-10
0.000000e+00
0.000000e+00
0.000000e+00
0.000000e+00
0.000000e+00
-1.146080e-10
0.000000e+00
0.000000e+00
0.000000e+00
0.000000e+00
0.000000e+00
-1.208397e-10
0.000000e+00
0.000000e+00
0.000000e+00
0.000000e+00
0.000000e+00
-1.241122e-10
0.000000e+00
0.000000e+00
0.000000e+00
0.000000e+00
