# Static simulation
# Job: job_0003
# Scale: global
# Data key: U_global
# Timestamp (runner starts): 2025-03-02_19-34-32
# Data:
0.000000e+00
0.000000e+00
0.000000e+00
0.000000e+00
0.000000e+00
0.000000e+00
0.000000e+00
-2.680341e-03
0.000000e+00
0.000000e+00
0.000000e+00
0.000000e+00
0.000000e+00
-3.216409e-02
0.000000e+00
0.000000e+00
0.000000e+00
0.000000e+00
0.000000e+00
-3.216563e-02
0.000000e+00
0.000000e+00
0.000000e+00
0.000000e+00
0.000000e+00
-2.699346e-03
0.000000e+00
0.000000e+00
0.000000e+00
0.000000e+00
0.000000e+00
-2.265294e-04
0.000000e+00
0.000000e+00
0.000000e+00
0.000000e+00
0.000000e+00
-1.900586e-05
0.000000e+00
0.000000e+00
0.000000e+00
0.000000e+00
0.000000e+00
-1.541016e-06
0.000000e+00
0.000000e+00
0.000000e+00
0.000000e+00
0.000000e+00
0.000000e+00
0.000000e+00
0.000000e+00
0.000000e+00
0.000000e+00
0.000000e+00
0.000000e+00
0.000000e+00
0.000000e+00
0.000000e+00
0.000000e+00
0.000000e+00
0.000000e+00
0.000000e+00
0.000000e+00
0.000000e+00
0.000000e+00
