Stiffness Matrix: global_K_mod

               0           1           2           3           4           5           6           7           8           9          12          13          14          15          18          19          20          21          24          25          26          27          30          31          32          33          36          37          38          39          42          43          44          45          48          49          50          51          54          55          56          57          60          61          62          63
   0    1.00e+12    0.00e+00    0.00e+00    0.00e+00    0.00e+00    0.00e+00    0.00e+00    0.00e+00    0.00e+00    0.00e+00    0.00e+00    0.00e+00    0.00e+00    0.00e+00    0.00e+00    0.00e+00    0.00e+00    0.00e+00    0.00e+00    0.00e+00    0.00e+00    0.00e+00    0.00e+00    0.00e+00    0.00e+00    0.00e+00    0.00e+00    0.00e+00    0.00e+00    0.00e+00    0.00e+00    0.00e+00    0.00e+00    0.00e+00    0.00e+00    0.00e+00    0.00e+00    0.00e+00    0.00e+00    0.00e+00    0.00e+00    0.00e+00    0.00e+00    0.00e+00    0.00e+00    0.00e+00
   1    0.00e+00    1.00e+12    0.00e+00    0.00e+00    0.00e+00    0.00e+00    0.00e+00    0.00e+00    0.00e+00    0.00e+00    0.00e+00    0.00e+00    0.00e+00    0.00e+00    0.00e+00    0.00e+00    0.00e+00    0.00e+00    0.00e+00    0.00e+00    0.00e+00    0.00e+00    0.00e+00    0.00e+00    0.00e+00    0.00e+00    0.00e+00    0.00e+00    0.00e+00    0.00e+00    0.00e+00    0.00e+00    0.00e+00    0.00e+00    0.00e+00    0.00e+00    0.00e+00    0.00e+00    0.00e+00    0.00e+00    0.00e+00    0.00e+00    0.00e+00    0.00e+00    0.00e+00    0.00e+00
   2    0.00e+00    0.00e+00    1.00e+12    0.00e+00    0.00e+00    0.00e+00    0.00e+00    0.00e+00    0.00e+00    0.00e+00    0.00e+00    0.00e+00    0.00e+00    0.00e+00    0.00e+00    0.00e+00    0.00e+00    0.00e+00    0.00e+00    0.00e+00    0.00e+00    0.00e+00    0.00e+00    0.00e+00    0.00e+00    0.00e+00    0.00e+00    0.00e+00    0.00e+00    0.00e+00    0.00e+00    0.00e+00    0.00e+00    0.00e+00    0.00e+00    0.00e+00    0.00e+00    0.00e+00    0.00e+00    0.00e+00    0.00e+00    0.00e+00    0.00e+00    0.00e+00    0.00e+00    0.00e+00
   3    0.00e+00    0.00e+00    0.00e+00    1.00e+12    0.00e+00    0.00e+00    0.00e+00    0.00e+00    0.00e+00    0.00e+00    0.00e+00    0.00e+00    0.00e+00    0.00e+00    0.00e+00    0.00e+00    0.00e+00    0.00e+00    0.00e+00    0.00e+00    0.00e+00    0.00e+00    0.00e+00    0.00e+00    0.00e+00    0.00e+00    0.00e+00    0.00e+00    0.00e+00    0.00e+00    0.00e+00    0.00e+00    0.00e+00    0.00e+00    0.00e+00    0.00e+00    0.00e+00    0.00e+00    0.00e+00    0.00e+00    0.00e+00    0.00e+00    0.00e+00    0.00e+00    0.00e+00    0.00e+00
   4    0.00e+00    0.00e+00    0.00e+00    0.00e+00    1.00e+12    0.00e+00    0.00e+00    0.00e+00    0.00e+00    0.00e+00    0.00e+00    0.00e+00    0.00e+00    0.00e+00    0.00e+00    0.00e+00    0.00e+00    0.00e+00    0.00e+00    0.00e+00    0.00e+00    0.00e+00    0.00e+00    0.00e+00    0.00e+00    0.00e+00    0.00e+00    0.00e+00    0.00e+00    0.00e+00    0.00e+00    0.00e+00    0.00e+00    0.00e+00    0.00e+00    0.00e+00    0.00e+00    0.00e+00    0.00e+00    0.00e+00    0.00e+00    0.00e+00    0.00e+00    0.00e+00    0.00e+00    0.00e+00
   5    0.00e+00    0.00e+00    0.00e+00    0.00e+00    0.00e+00    1.00e+12    0.00e+00    0.00e+00    0.00e+00    0.00e+00    0.00e+00    0.00e+00    0.00e+00    0.00e+00    0.00e+00    0.00e+00    0.00e+00    0.00e+00    0.00e+00    0.00e+00    0.00e+00    0.00e+00    0.00e+00    0.00e+00    0.00e+00    0.00e+00    0.00e+00    0.00e+00    0.00e+00    0.00e+00    0.00e+00    0.00e+00    0.00e+00    0.00e+00    0.00e+00    0.00e+00    0.00e+00    0.00e+00    0.00e+00    0.00e+00    0.00e+00    0.00e+00    0.00e+00    0.00e+00    0.00e+00    0.00e+00
   6    0.00e+00    0.00e+00    0.00e+00    0.00e+00    0.00e+00    0.00e+00    3.00e+09    0.00e+00    0.00e+00    0.00e+00   -1.50e+09    0.00e+00    0.00e+00    0.00e+00    0.00e+00    0.00e+00    0.00e+00    0.00e+00    0.00e+00    0.00e+00    0.00e+00    0.00e+00    0.00e+00    0.00e+00    0.00e+00    0.00e+00    0.00e+00    0.00e+00    0.00e+00    0.00e+00    0.00e+00    0.00e+00    0.00e+00    0.00e+00    0.00e+00    0.00e+00    0.00e+00    0.00e+00    0.00e+00    0.00e+00    0.00e+00    0.00e+00    0.00e+00    0.00e+00    0.00e+00    0.00e+00
   7    0.00e+00    0.00e+00    0.00e+00    0.00e+00    0.00e+00    0.00e+00    0.00e+00    4.78e+07    0.00e+00    0.00e+00    0.00e+00   -2.39e+07    0.00e+00    0.00e+00    0.00e+00    0.00e+00    0.00e+00    0.00e+00    0.00e+00    0.00e+00    0.00e+00    0.00e+00    0.00e+00    0.00e+00    0.00e+00    0.00e+00    0.00e+00    0.00e+00    0.00e+00    0.00e+00    0.00e+00    0.00e+00    0.00e+00    0.00e+00    0.00e+00    0.00e+00    0.00e+00    0.00e+00    0.00e+00    0.00e+00    0.00e+00    0.00e+00    0.00e+00    0.00e+00    0.00e+00    0.00e+00
   8    0.00e+00    0.00e+00    0.00e+00    0.00e+00    0.00e+00    0.00e+00    0.00e+00    0.00e+00    4.80e+08    0.00e+00    0.00e+00    0.00e+00   -2.40e+08    0.00e+00    0.00e+00    0.00e+00    0.00e+00    0.00e+00    0.00e+00    0.00e+00    0.00e+00    0.00e+00    0.00e+00    0.00e+00    0.00e+00    0.00e+00    0.00e+00    0.00e+00    0.00e+00    0.00e+00    0.00e+00    0.00e+00    0.00e+00    0.00e+00    0.00e+00    0.00e+00    0.00e+00    0.00e+00    0.00e+00    0.00e+00    0.00e+00    0.00e+00    0.00e+00    0.00e+00    0.00e+00    0.00e+00
   9    0.00e+00    0.00e+00    0.00e+00    0.00e+00    0.00e+00    0.00e+00    0.00e+00    0.00e+00    0.00e+00    6.40e+06    0.00e+00    0.00e+00    0.00e+00   -3.20e+06    0.00e+00    0.00e+00    0.00e+00    0.00e+00    0.00e+00    0.00e+00    0.00e+00    0.00e+00    0.00e+00    0.00e+00    0.00e+00    0.00e+00    0.00e+00    0.00e+00    0.00e+00    0.00e+00    0.00e+00    0.00e+00    0.00e+00    0.00e+00    0.00e+00    0.00e+00    0.00e+00    0.00e+00    0.00e+00    0.00e+00    0.00e+00    0.00e+00    0.00e+00    0.00e+00    0.00e+00    0.00e+00
  12    0.00e+00    0.00e+00    0.00e+00    0.00e+00    0.00e+00    0.00e+00   -1.50e+09    0.00e+00    0.00e+00    0.00e+00    3.00e+09    0.00e+00    0.00e+00    0.00e+00   -1.50e+09    0.00e+00    0.00e+00    0.00e+00    0.00e+00    0.00e+00    0.00e+00    0.00e+00    0.00e+00    0.00e+00    0.00e+00    0.00e+00    0.00e+00    0.00e+00    0.00e+00    0.00e+00    0.00e+00    0.00e+00    0.00e+00    0.00e+00    0.00e+00    0.00e+00    0.00e+00    0.00e+00    0.00e+00    0.00e+00    0.00e+00    0.00e+00    0.00e+00    0.00e+00    0.00e+00    0.00e+00
  13    0.00e+00    0.00e+00    0.00e+00    0.00e+00    0.00e+00    0.00e+00    0.00e+00   -2.39e+07    0.00e+00    0.00e+00    0.00e+00    4.78e+07    0.00e+00    0.00e+00    0.00e+00   -2.39e+07    0.00e+00    0.00e+00    0.00e+00    0.00e+00    0.00e+00    0.00e+00    0.00e+00    0.00e+00    0.00e+00    0.00e+00    0.00e+00    0.00e+00    0.00e+00    0.00e+00    0.00e+00    0.00e+00    0.00e+00    0.00e+00    0.00e+00    0.00e+00    0.00e+00    0.00e+00    0.00e+00    0.00e+00    0.00e+00    0.00e+00    0.00e+00    0.00e+00    0.00e+00    0.00e+00
  14    0.00e+00    0.00e+00    0.00e+00    0.00e+00    0.00e+00    0.00e+00    0.00e+00    0.00e+00   -2.40e+08    0.00e+00    0.00e+00    0.00e+00    4.80e+08    0.00e+00    0.00e+00    0.00e+00   -2.40e+08    0.00e+00    0.00e+00    0.00e+00    0.00e+00    0.00e+00    0.00e+00    0.00e+00    0.00e+00    0.00e+00    0.00e+00    0.00e+00    0.00e+00    0.00e+00    0.00e+00    0.00e+00    0.00e+00    0.00e+00    0.00e+00    0.00e+00    0.00e+00    0.00e+00    0.00e+00    0.00e+00    0.00e+00    0.00e+00    0.00e+00    0.00e+00    0.00e+00    0.00e+00
  15    0.00e+00    0.00e+00    0.00e+00    0.00e+00    0.00e+00    0.00e+00    0.00e+00    0.00e+00    0.00e+00   -3.20e+06    0.00e+00    0.00e+00    0.00e+00    6.40e+06    0.00e+00    0.00e+00    0.00e+00   -3.20e+06    0.00e+00    0.00e+00    0.00e+00    0.00e+00    0.00e+00    0.00e+00    0.00e+00    0.00e+00    0.00e+00    0.00e+00    0.00e+00    0.00e+00    0.00e+00    0.00e+00    0.00e+00    0.00e+00    0.00e+00    0.00e+00    0.00e+00    0.00e+00    0.00e+00    0.00e+00    0.00e+00    0.00e+00    0.00e+00    0.00e+00    0.00e+00    0.00e+00
  18    0.00e+00    0.00e+00    0.00e+00    0.00e+00    0.00e+00    0.00e+00    0.00e+00    0.00e+00    0.00e+00    0.00e+00   -1.50e+09    0.00e+00    0.00e+00    0.00e+00    3.00e+09    0.00e+00    0.00e+00    0.00e+00   -1.50e+09    0.00e+00    0.00e+00    0.00e+00    0.00e+00    0.00e+00    0.00e+00    0.00e+00    0.00e+00    0.00e+00    0.00e+00    0.00e+00    0.00e+00    0.00e+00    0.00e+00    0.00e+00    0.00e+00    0.00e+00    0.00e+00    0.00e+00    0.00e+00    0.00e+00    0.00e+00    0.00e+00    0.00e+00    0.00e+00    0.00e+00    0.00e+00
  19    0.00e+00    0.00e+00    0.00e+00    0.00e+00    0.00e+00    0.00e+00    0.00e+00    0.00e+00    0.00e+00    0.00e+00    0.00e+00   -2.39e+07    0.00e+00    0.00e+00    0.00e+00    4.78e+07    0.00e+00    0.00e+00    0.00e+00   -2.39e+07    0.00e+00    0.00e+00    0.00e+00    0.00e+00    0.00e+00    0.00e+00    0.00e+00    0.00e+00    0.00e+00    0.00e+00    0.00e+00    0.00e+00    0.00e+00    0.00e+00    0.00e+00    0.00e+00    0.00e+00    0.00e+00    0.00e+00    0.00e+00    0.00e+00    0.00e+00    0.00e+00    0.00e+00    0.00e+00    0.00e+00
  20    0.00e+00    0.00e+00    0.00e+00    0.00e+00    0.00e+00    0.00e+00    0.00e+00    0.00e+00    0.00e+00    0.00e+00    0.00e+00    0.00e+00   -2.40e+08    0.00e+00    0.00e+00    0.00e+00    4.80e+08    0.00e+00    0.00e+00    0.00e+00   -2.40e+08    0.00e+00    0.00e+00    0.00e+00    0.00e+00    0.00e+00    0.00e+00    0.00e+00    0.00e+00    0.00e+00    0.00e+00    0.00e+00    0.00e+00    0.00e+00    0.00e+00    0.00e+00    0.00e+00    0.00e+00    0.00e+00    0.00e+00    0.00e+00    0.00e+00    0.00e+00    0.00e+00    0.00e+00    0.00e+00
  21    0.00e+00    0.00e+00    0.00e+00    0.00e+00    0.00e+00    0.00e+00    0.00e+00    0.00e+00    0.00e+00    0.00e+00    0.00e+00    0.00e+00    0.00e+00   -3.20e+06    0.00e+00    0.00e+00    0.00e+00    6.40e+06    0.00e+00    0.00e+00    0.00e+00   -3.20e+06    0.00e+00    0.00e+00    0.00e+00    0.00e+00    0.00e+00    0.00e+00    0.00e+00    0.00e+00    0.00e+00    0.00e+00    0.00e+00    0.00e+00    0.00e+00    0.00e+00    0.00e+00    0.00e+00    0.00e+00    0.00e+00    0.00e+00    0.00e+00    0.00e+00    0.00e+00    0.00e+00    0.00e+00
  24    0.00e+00    0.00e+00    0.00e+00    0.00e+00    0.00e+00    0.00e+00    0.00e+00    0.00e+00    0.00e+00    0.00e+00    0.00e+00    0.00e+00    0.00e+00    0.00e+00   -1.50e+09    0.00e+00    0.00e+00    0.00e+00    3.00e+09    0.00e+00    0.00e+00    0.00e+00   -1.50e+09    0.00e+00    0.00e+00    0.00e+00    0.00e+00    0.00e+00    0.00e+00    0.00e+00    0.00e+00    0.00e+00    0.00e+00    0.00e+00    0.00e+00    0.00e+00    0.00e+00    0.00e+00    0.00e+00    0.00e+00    0.00e+00    0.00e+00    0.00e+00    0.00e+00    0.00e+00    0.00e+00
  25    0.00e+00    0.00e+00    0.00e+00    0.00e+00    0.00e+00    0.00e+00    0.00e+00    0.00e+00    0.00e+00    0.00e+00    0.00e+00    0.00e+00    0.00e+00    0.00e+00    0.00e+00   -2.39e+07    0.00e+00    0.00e+00    0.00e+00    4.78e+07    0.00e+00    0.00e+00    0.00e+00   -2.39e+07    0.00e+00    0.00e+00    0.00e+00    0.00e+00    0.00e+00    0.00e+00    0.00e+00    0.00e+00    0.00e+00    0.00e+00    0.00e+00    0.00e+00    0.00e+00    0.00e+00    0.00e+00    0.00e+00    0.00e+00    0.00e+00    0.00e+00    0.00e+00    0.00e+00    0.00e+00
  26    0.00e+00    0.00e+00    0.00e+00    0.00e+00    0.00e+00    0.00e+00    0.00e+00    0.00e+00    0.00e+00    0.00e+00    0.00e+00    0.00e+00    0.00e+00    0.00e+00    0.00e+00    0.00e+00   -2.40e+08    0.00e+00    0.00e+00    0.00e+00    4.80e+08    0.00e+00    0.00e+00    0.00e+00   -2.40e+08    0.00e+00    0.00e+00    0.00e+00    0.00e+00    0.00e+00    0.00e+00    0.00e+00    0.00e+00    0.00e+00    0.00e+00    0.00e+00    0.00e+00    0.00e+00    0.00e+00    0.00e+00    0.00e+00    0.00e+00    0.00e+00    0.00e+00    0.00e+00    0.00e+00
  27    0.00e+00    0.00e+00    0.00e+00    0.00e+00    0.00e+00    0.00e+00    0.00e+00    0.00e+00    0.00e+00    0.00e+00    0.00e+00    0.00e+00    0.00e+00    0.00e+00    0.00e+00    0.00e+00    0.00e+00   -3.20e+06    0.00e+00    0.00e+00    0.00e+00    6.40e+06    0.00e+00    0.00e+00    0.00e+00   -3.20e+06    0.00e+00    0.00e+00    0.00e+00    0.00e+00    0.00e+00    0.00e+00    0.00e+00    0.00e+00    0.00e+00    0.00e+00    0.00e+00    0.00e+00    0.00e+00    0.00e+00    0.00e+00    0.00e+00    0.00e+00    0.00e+00    0.00e+00    0.00e+00
  30    0.00e+00    0.00e+00    0.00e+00    0.00e+00    0.00e+00    0.00e+00    0.00e+00    0.00e+00    0.00e+00    0.00e+00    0.00e+00    0.00e+00    0.00e+00    0.00e+00    0.00e+00    0.00e+00    0.00e+00    0.00e+00   -1.50e+09    0.00e+00    0.00e+00    0.00e+00    3.00e+09    0.00e+00    0.00e+00    0.00e+00   -1.50e+09    0.00e+00    0.00e+00    0.00e+00    0.00e+00    0.00e+00    0.00e+00    0.00e+00    0.00e+00    0.00e+00    0.00e+00    0.00e+00    0.00e+00    0.00e+00    0.00e+00    0.00e+00    0.00e+00    0.00e+00    0.00e+00    0.00e+00
  31    0.00e+00    0.00e+00    0.00e+00    0.00e+00    0.00e+00    0.00e+00    0.00e+00    0.00e+00    0.00e+00    0.00e+00    0.00e+00    0.00e+00    0.00e+00    0.00e+00    0.00e+00    0.00e+00    0.00e+00    0.00e+00    0.00e+00   -2.39e+07    0.00e+00    0.00e+00    0.00e+00    4.78e+07    0.00e+00    0.00e+00    0.00e+00   -2.39e+07    0.00e+00    0.00e+00    0.00e+00    0.00e+00    0.00e+00    0.00e+00    0.00e+00    0.00e+00    0.00e+00    0.00e+00    0.00e+00    0.00e+00    0.00e+00    0.00e+00    0.00e+00    0.00e+00    0.00e+00    0.00e+00
  32    0.00e+00    0.00e+00    0.00e+00    0.00e+00    0.00e+00    0.00e+00    0.00e+00    0.00e+00    0.00e+00    0.00e+00    0.00e+00    0.00e+00    0.00e+00    0.00e+00    0.00e+00    0.00e+00    0.00e+00    0.00e+00    0.00e+00    0.00e+00   -2.40e+08    0.00e+00    0.00e+00    0.00e+00    4.80e+08    0.00e+00    0.00e+00    0.00e+00   -2.40e+08    0.00e+00    0.00e+00    0.00e+00    0.00e+00    0.00e+00    0.00e+00    0.00e+00    0.00e+00    0.00e+00    0.00e+00    0.00e+00    0.00e+00    0.00e+00    0.00e+00    0.00e+00    0.00e+00    0.00e+00
  33    0.00e+00    0.00e+00    0.00e+00    0.00e+00    0.00e+00    0.00e+00    0.00e+00    0.00e+00    0.00e+00    0.00e+00    0.00e+00    0.00e+00    0.00e+00    0.00e+00    0.00e+00    0.00e+00    0.00e+00    0.00e+00    0.00e+00    0.00e+00    0.00e+00   -3.20e+06    0.00e+00    0.00e+00    0.00e+00    6.40e+06    0.00e+00    0.00e+00    0.00e+00   -3.20e+06    0.00e+00    0.00e+00    0.00e+00    0.00e+00    0.00e+00    0.00e+00    0.00e+00    0.00e+00    0.00e+00    0.00e+00    0.00e+00    0.00e+00    0.00e+00    0.00e+00    0.00e+00    0.00e+00
  36    0.00e+00    0.00e+00    0.00e+00    0.00e+00    0.00e+00    0.00e+00    0.00e+00    0.00e+00    0.00e+00    0.00e+00    0.00e+00    0.00e+00    0.00e+00    0.00e+00    0.00e+00    0.00e+00    0.00e+00    0.00e+00    0.00e+00    0.00e+00    0.00e+00    0.00e+00   -1.50e+09    0.00e+00    0.00e+00    0.00e+00    3.00e+09    0.00e+00    0.00e+00    0.00e+00   -1.50e+09    0.00e+00    0.00e+00    0.00e+00    0.00e+00    0.00e+00    0.00e+00    0.00e+00    0.00e+00    0.00e+00    0.00e+00    0.00e+00    0.00e+00    0.00e+00    0.00e+00    0.00e+00
  37    0.00e+00    0.00e+00    0.00e+00    0.00e+00    0.00e+00    0.00e+00    0.00e+00    0.00e+00    0.00e+00    0.00e+00    0.00e+00    0.00e+00    0.00e+00    0.00e+00    0.00e+00    0.00e+00    0.00e+00    0.00e+00    0.00e+00    0.00e+00    0.00e+00    0.00e+00    0.00e+00   -2.39e+07    0.00e+00    0.00e+00    0.00e+00    4.78e+07    0.00e+00    0.00e+00    0.00e+00   -2.39e+07    0.00e+00    0.00e+00    0.00e+00    0.00e+00    0.00e+00    0.00e+00    0.00e+00    0.00e+00    0.00e+00    0.00e+00    0.00e+00    0.00e+00    0.00e+00    0.00e+00
  38    0.00e+00    0.00e+00    0.00e+00    0.00e+00    0.00e+00    0.00e+00    0.00e+00    0.00e+00    0.00e+00    0.00e+00    0.00e+00    0.00e+00    0.00e+00    0.00e+00    0.00e+00    0.00e+00    0.00e+00    0.00e+00    0.00e+00    0.00e+00    0.00e+00    0.00e+00    0.00e+00    0.00e+00   -2.40e+08    0.00e+00    0.00e+00    0.00e+00    4.80e+08    0.00e+00    0.00e+00    0.00e+00   -2.40e+08    0.00e+00    0.00e+00    0.00e+00    0.00e+00    0.00e+00    0.00e+00    0.00e+00    0.00e+00    0.00e+00    0.00e+00    0.00e+00    0.00e+00    0.00e+00
  39    0.00e+00    0.00e+00    0.00e+00    0.00e+00    0.00e+00    0.00e+00    0.00e+00    0.00e+00    0.00e+00    0.00e+00    0.00e+00    0.00e+00    0.00e+00    0.00e+00    0.00e+00    0.00e+00    0.00e+00    0.00e+00    0.00e+00    0.00e+00    0.00e+00    0.00e+00    0.00e+00    0.00e+00    0.00e+00   -3.20e+06    0.00e+00    0.00e+00    0.00e+00    6.40e+06    0.00e+00    0.00e+00    0.00e+00   -3.20e+06    0.00e+00    0.00e+00    0.00e+00    0.00e+00    0.00e+00    0.00e+00    0.00e+00    0.00e+00    0.00e+00    0.00e+00    0.00e+00    0.00e+00
  42    0.00e+00    0.00e+00    0.00e+00    0.00e+00    0.00e+00    0.00e+00    0.00e+00    0.00e+00    0.00e+00    0.00e+00    0.00e+00    0.00e+00    0.00e+00    0.00e+00    0.00e+00    0.00e+00    0.00e+00    0.00e+00    0.00e+00    0.00e+00    0.00e+00    0.00e+00    0.00e+00    0.00e+00    0.00e+00    0.00e+00   -1.50e+09    0.00e+00    0.00e+00    0.00e+00    3.00e+09    0.00e+00    0.00e+00    0.00e+00   -1.50e+09    0.00e+00    0.00e+00    0.00e+00    0.00e+00    0.00e+00    0.00e+00    0.00e+00    0.00e+00    0.00e+00    0.00e+00    0.00e+00
  43    0.00e+00    0.00e+00    0.00e+00    0.00e+00    0.00e+00    0.00e+00    0.00e+00    0.00e+00    0.00e+00    0.00e+00    0.00e+00    0.00e+00    0.00e+00    0.00e+00    0.00e+00    0.00e+00    0.00e+00    0.00e+00    0.00e+00    0.00e+00    0.00e+00    0.00e+00    0.00e+00    0.00e+00    0.00e+00    0.00e+00    0.00e+00   -2.39e+07    0.00e+00    0.00e+00    0.00e+00    4.78e+07    0.00e+00    0.00e+00    0.00e+00   -2.39e+07    0.00e+00    0.00e+00    0.00e+00    0.00e+00    0.00e+00    0.00e+00    0.00e+00    0.00e+00    0.00e+00    0.00e+00
  44    0.00e+00    0.00e+00    0.00e+00    0.00e+00    0.00e+00    0.00e+00    0.00e+00    0.00e+00    0.00e+00    0.00e+00    0.00e+00    0.00e+00    0.00e+00    0.00e+00    0.00e+00    0.00e+00    0.00e+00    0.00e+00    0.00e+00    0.00e+00    0.00e+00    0.00e+00    0.00e+00    0.00e+00    0.00e+00    0.00e+00    0.00e+00    0.00e+00   -2.40e+08    0.00e+00    0.00e+00    0.00e+00    4.80e+08    0.00e+00    0.00e+00    0.00e+00   -2.40e+08    0.00e+00    0.00e+00    0.00e+00    0.00e+00    0.00e+00    0.00e+00    0.00e+00    0.00e+00    0.00e+00
  45    0.00e+00    0.00e+00    0.00e+00    0.00e+00    0.00e+00    0.00e+00    0.00e+00    0.00e+00    0.00e+00    0.00e+00    0.00e+00    0.00e+00    0.00e+00    0.00e+00    0.00e+00    0.00e+00    0.00e+00    0.00e+00    0.00e+00    0.00e+00    0.00e+00    0.00e+00    0.00e+00    0.00e+00    0.00e+00    0.00e+00    0.00e+00    0.00e+00    0.00e+00   -3.20e+06    0.00e+00    0.00e+00    0.00e+00    6.40e+06    0.00e+00    0.00e+00    0.00e+00   -3.20e+06    0.00e+00    0.00e+00    0.00e+00    0.00e+00    0.00e+00    0.00e+00    0.00e+00    0.00e+00
  48    0.00e+00    0.00e+00    0.00e+00    0.00e+00    0.00e+00    0.00e+00    0.00e+00    0.00e+00    0.00e+00    0.00e+00    0.00e+00    0.00e+00    0.00e+00    0.00e+00    0.00e+00    0.00e+00    0.00e+00    0.00e+00    0.00e+00    0.00e+00    0.00e+00    0.00e+00    0.00e+00    0.00e+00    0.00e+00    0.00e+00    0.00e+00    0.00e+00    0.00e+00    0.00e+00   -1.50e+09    0.00e+00    0.00e+00    0.00e+00    3.00e+09    0.00e+00    0.00e+00    0.00e+00   -1.50e+09    0.00e+00    0.00e+00    0.00e+00    0.00e+00    0.00e+00    0.00e+00    0.00e+00
  49    0.00e+00    0.00e+00    0.00e+00    0.00e+00    0.00e+00    0.00e+00    0.00e+00    0.00e+00    0.00e+00    0.00e+00    0.00e+00    0.00e+00    0.00e+00    0.00e+00    0.00e+00    0.00e+00    0.00e+00    0.00e+00    0.00e+00    0.00e+00    0.00e+00    0.00e+00    0.00e+00    0.00e+00    0.00e+00    0.00e+00    0.00e+00    0.00e+00    0.00e+00    0.00e+00    0.00e+00   -2.39e+07    0.00e+00    0.00e+00    0.00e+00    4.78e+07    0.00e+00    0.00e+00    0.00e+00   -2.39e+07    0.00e+00    0.00e+00    0.00e+00    0.00e+00    0.00e+00    0.00e+00
  50    0.00e+00    0.00e+00    0.00e+00    0.00e+00    0.00e+00    0.00e+00    0.00e+00    0.00e+00    0.00e+00    0.00e+00    0.00e+00    0.00e+00    0.00e+00    0.00e+00    0.00e+00    0.00e+00    0.00e+00    0.00e+00    0.00e+00    0.00e+00    0.00e+00    0.00e+00    0.00e+00    0.00e+00    0.00e+00    0.00e+00    0.00e+00    0.00e+00    0.00e+00    0.00e+00    0.00e+00    0.00e+00   -2.40e+08    0.00e+00    0.00e+00    0.00e+00    4.80e+08    0.00e+00    0.00e+00    0.00e+00   -2.40e+08    0.00e+00    0.00e+00    0.00e+00    0.00e+00    0.00e+00
  51    0.00e+00    0.00e+00    0.00e+00    0.00e+00    0.00e+00    0.00e+00    0.00e+00    0.00e+00    0.00e+00    0.00e+00    0.00e+00    0.00e+00    0.00e+00    0.00e+00    0.00e+00    0.00e+00    0.00e+00    0.00e+00    0.00e+00    0.00e+00    0.00e+00    0.00e+00    0.00e+00    0.00e+00    0.00e+00    0.00e+00    0.00e+00    0.00e+00    0.00e+00    0.00e+00    0.00e+00    0.00e+00    0.00e+00   -3.20e+06    0.00e+00    0.00e+00    0.00e+00    6.40e+06    0.00e+00    0.00e+00    0.00e+00   -3.20e+06    0.00e+00    0.00e+00    0.00e+00    0.00e+00
  54    0.00e+00    0.00e+00    0.00e+00    0.00e+00    0.00e+00    0.00e+00    0.00e+00    0.00e+00    0.00e+00    0.00e+00    0.00e+00    0.00e+00    0.00e+00    0.00e+00    0.00e+00    0.00e+00    0.00e+00    0.00e+00    0.00e+00    0.00e+00    0.00e+00    0.00e+00    0.00e+00    0.00e+00    0.00e+00    0.00e+00    0.00e+00    0.00e+00    0.00e+00    0.00e+00    0.00e+00    0.00e+00    0.00e+00    0.00e+00   -1.50e+09    0.00e+00    0.00e+00    0.00e+00    3.00e+09    0.00e+00    0.00e+00    0.00e+00   -1.50e+09    0.00e+00    0.00e+00    0.00e+00
  55    0.00e+00    0.00e+00    0.00e+00    0.00e+00    0.00e+00    0.00e+00    0.00e+00    0.00e+00    0.00e+00    0.00e+00    0.00e+00    0.00e+00    0.00e+00    0.00e+00    0.00e+00    0.00e+00    0.00e+00    0.00e+00    0.00e+00    0.00e+00    0.00e+00    0.00e+00    0.00e+00    0.00e+00    0.00e+00    0.00e+00    0.00e+00    0.00e+00    0.00e+00    0.00e+00    0.00e+00    0.00e+00    0.00e+00    0.00e+00    0.00e+00   -2.39e+07    0.00e+00    0.00e+00    0.00e+00    4.78e+07    0.00e+00    0.00e+00    0.00e+00   -2.39e+07    0.00e+00    0.00e+00
  56    0.00e+00    0.00e+00    0.00e+00    0.00e+00    0.00e+00    0.00e+00    0.00e+00    0.00e+00    0.00e+00    0.00e+00    0.00e+00    0.00e+00    0.00e+00    0.00e+00    0.00e+00    0.00e+00    0.00e+00    0.00e+00    0.00e+00    0.00e+00    0.00e+00    0.00e+00    0.00e+00    0.00e+00    0.00e+00    0.00e+00    0.00e+00    0.00e+00    0.00e+00    0.00e+00    0.00e+00    0.00e+00    0.00e+00    0.00e+00    0.00e+00    0.00e+00   -2.40e+08    0.00e+00    0.00e+00    0.00e+00    4.80e+08    0.00e+00    0.00e+00    0.00e+00   -2.40e+08    0.00e+00
  57    0.00e+00    0.00e+00    0.00e+00    0.00e+00    0.00e+00    0.00e+00    0.00e+00    0.00e+00    0.00e+00    0.00e+00    0.00e+00    0.00e+00    0.00e+00    0.00e+00    0.00e+00    0.00e+00    0.00e+00    0.00e+00    0.00e+00    0.00e+00    0.00e+00    0.00e+00    0.00e+00    0.00e+00    0.00e+00    0.00e+00    0.00e+00    0.00e+00    0.00e+00    0.00e+00    0.00e+00    0.00e+00    0.00e+00    0.00e+00    0.00e+00    0.00e+00    0.00e+00   -3.20e+06    0.00e+00    0.00e+00    0.00e+00    6.40e+06    0.00e+00    0.00e+00    0.00e+00   -3.20e+06
  60    0.00e+00    0.00e+00    0.00e+00    0.00e+00    0.00e+00    0.00e+00    0.00e+00    0.00e+00    0.00e+00    0.00e+00    0.00e+00    0.00e+00    0.00e+00    0.00e+00    0.00e+00    0.00e+00    0.00e+00    0.00e+00    0.00e+00    0.00e+00    0.00e+00    0.00e+00    0.00e+00    0.00e+00    0.00e+00    0.00e+00    0.00e+00    0.00e+00    0.00e+00    0.00e+00    0.00e+00    0.00e+00    0.00e+00    0.00e+00    0.00e+00    0.00e+00    0.00e+00    0.00e+00   -1.50e+09    0.00e+00    0.00e+00    0.00e+00    1.50e+09    0.00e+00    0.00e+00    0.00e+00
  61    0.00e+00    0.00e+00    0.00e+00    0.00e+00    0.00e+00    0.00e+00    0.00e+00    0.00e+00    0.00e+00    0.00e+00    0.00e+00    0.00e+00    0.00e+00    0.00e+00    0.00e+00    0.00e+00    0.00e+00    0.00e+00    0.00e+00    0.00e+00    0.00e+00    0.00e+00    0.00e+00    0.00e+00    0.00e+00    0.00e+00    0.00e+00    0.00e+00    0.00e+00    0.00e+00    0.00e+00    0.00e+00    0.00e+00    0.00e+00    0.00e+00    0.00e+00    0.00e+00    0.00e+00    0.00e+00   -2.39e+07    0.00e+00    0.00e+00    0.00e+00    2.39e+07    0.00e+00    0.00e+00
  62    0.00e+00    0.00e+00    0.00e+00    0.00e+00    0.00e+00    0.00e+00    0.00e+00    0.00e+00    0.00e+00    0.00e+00    0.00e+00    0.00e+00    0.00e+00    0.00e+00    0.00e+00    0.00e+00    0.00e+00    0.00e+00    0.00e+00    0.00e+00    0.00e+00    0.00e+00    0.00e+00    0.00e+00    0.00e+00    0.00e+00    0.00e+00    0.00e+00    0.00e+00    0.00e+00    0.00e+00    0.00e+00    0.00e+00    0.00e+00    0.00e+00    0.00e+00    0.00e+00    0.00e+00    0.00e+00    0.00e+00   -2.40e+08    0.00e+00    0.00e+00    0.00e+00    2.40e+08    0.00e+00
  63    0.00e+00    0.00e+00    0.00e+00    0.00e+00    0.00e+00    0.00e+00    0.00e+00    0.00e+00    0.00e+00    0.00e+00    0.00e+00    0.00e+00    0.00e+00    0.00e+00    0.00e+00    0.00e+00    0.00e+00    0.00e+00    0.00e+00    0.00e+00    0.00e+00    0.00e+00    0.00e+00    0.00e+00    0.00e+00    0.00e+00    0.00e+00    0.00e+00    0.00e+00    0.00e+00    0.00e+00    0.00e+00    0.00e+00    0.00e+00    0.00e+00    0.00e+00    0.00e+00    0.00e+00    0.00e+00    0.00e+00    0.00e+00   -3.20e+06    0.00e+00    0.00e+00    0.00e+00    3.20e+06
