# Static simulation
# Job: job_0004
# Scale: global
# Data key: R_cond
# Timestamp (runner starts): 2025-03-16_22-21-32
# Data:
0.000000e+00
0.000000e+00
0.000000e+00
0.000000e+00
-7.275958e-11
0.000000e+00
0.000000e+00
-2.328306e-10
0.000000e+00
0.000000e+00
-4.365575e-11
0.000000e+00
0.000000e+00
4.620233e-10
0.000000e+00
0.000000e+00
-1.455192e-11
0.000000e+00
0.000000e+00
3.732566e-09
0.000000e+00
0.000000e+00
-1.455192e-11
0.000000e+00
0.000000e+00
-1.866283e-09
0.000000e+00
0.000000e+00
-8.003553e-11
0.000000e+00
0.000000e+00
-1.051376e-09
0.000000e+00
0.000000e+00
-9.458745e-11
0.000000e+00
0.000000e+00
-1.749868e-09
0.000000e+00
0.000000e+00
1.455192e-11
0.000000e+00
0.000000e+00
2.928573e-09
0.000000e+00
0.000000e+00
3.165042e-10
0.000000e+00
0.000000e+00
-1.866283e-09
0.000000e+00
0.000000e+00
-9.822543e-11
0.000000e+00
0.000000e+00
1.862645e-09
0.000000e+00
0.000000e+00
-4.511094e-10
0.000000e+00
