# Static simulation
# Job: job_0005
# Scale: global
# Data key: R_cond
# Timestamp (runner starts): 2025-04-30_18-05-50
# Data:
0.000000e+00
2.556544e-08
0.000000e+00
0.000000e+00
0.000000e+00
7.450581e-09
0.000000e+00
-6.362870e-08
0.000000e+00
0.000000e+00
0.000000e+00
-5.215406e-08
0.000000e+00
1.234830e-07
0.000000e+00
0.000000e+00
0.000000e+00
0.000000e+00
0.000000e+00
5.625952e-08
0.000000e+00
0.000000e+00
0.000000e+00
4.470348e-08
0.000000e+00
-1.475491e-07
0.000000e+00
0.000000e+00
0.000000e+00
-5.960464e-08
0.000000e+00
7.179005e-08
0.000000e+00
0.000000e+00
0.000000e+00
-1.341105e-07
0.000000e+00
-6.740447e-08
0.000000e+00
0.000000e+00
0.000000e+00
-2.384186e-07
0.000000e+00
-1.287372e-07
0.000000e+00
0.000000e+00
0.000000e+00
-2.235174e-07
0.000000e+00
1.291446e-07
0.000000e+00
0.000000e+00
0.000000e+00
-1.490116e-08
0.000000e+00
2.539564e-07
0.000000e+00
0.000000e+00
0.000000e+00
2.682209e-07
