# Static simulation
# Job: job_0005
# Scale: global
# Data key: U_cond
# Timestamp (runner starts): 2025-04-30_18-05-50
# Data:
0.000000e+00
-1.226921e-09
0.000000e+00
0.000000e+00
0.000000e+00
-2.855913e-09
0.000000e+00
-5.124418e-09
0.000000e+00
0.000000e+00
0.000000e+00
-5.279441e-09
0.000000e+00
-1.126406e-08
0.000000e+00
0.000000e+00
0.000000e+00
-7.279941e-09
0.000000e+00
-1.923050e-08
0.000000e+00
0.000000e+00
0.000000e+00
-8.875500e-09
0.000000e+00
-2.863024e-08
0.000000e+00
0.000000e+00
0.000000e+00
-1.009294e-08
0.000000e+00
-3.910034e-08
0.000000e+00
0.000000e+00
0.000000e+00
-1.096782e-08
0.000000e+00
-5.031716e-08
0.000000e+00
0.000000e+00
0.000000e+00
-1.154441e-08
0.000000e+00
-6.200508e-08
0.000000e+00
0.000000e+00
0.000000e+00
-1.187575e-08
0.000000e+00
-7.394524e-08
0.000000e+00
0.000000e+00
0.000000e+00
-1.202358e-08
0.000000e+00
-8.598429e-08
-0.000000e+00
0.000000e+00
0.000000e+00
-1.205838e-08
