# Static simulation
# Job: job_0004
# Scale: global
# Data key: F_global
# Timestamp (runner starts): 2025-02-24_09-43-07
# Data:
0.000000e+00
-1.779911e+01
0.000000e+00
0.000000e+00
0.000000e+00
0.000000e+00
0.000000e+00
8.660736e+00
0.000000e+00
0.000000e+00
0.000000e+00
0.000000e+00
0.000000e+00
4.446573e+00
0.000000e+00
0.000000e+00
0.000000e+00
0.000000e+00
0.000000e+00
2.282957e+00
0.000000e+00
0.000000e+00
0.000000e+00
0.000000e+00
0.000000e+00
1.172108e+00
0.000000e+00
0.000000e+00
0.000000e+00
0.000000e+00
0.000000e+00
6.017792e-01
0.000000e+00
0.000000e+00
0.000000e+00
0.000000e+00
0.000000e+00
3.089599e-01
0.000000e+00
0.000000e+00
0.000000e+00
0.000000e+00
0.000000e+00
1.586273e-01
0.000000e+00
0.000000e+00
0.000000e+00
0.000000e+00
0.000000e+00
8.144149e-02
0.000000e+00
0.000000e+00
0.000000e+00
0.000000e+00
0.000000e+00
8.593319e-02
0.000000e+00
0.000000e+00
0.000000e+00
0.000000e+00
