# Static simulation
# Job: job_0002
# Scale: global
# Data key: R_cond
# Timestamp (runner starts): 2025-04-30_18-05-47
# Data:
0.000000e+00
2.980232e-08
0.000000e+00
0.000000e+00
0.000000e+00
2.235174e-08
0.000000e+00
-5.960464e-08
0.000000e+00
0.000000e+00
0.000000e+00
0.000000e+00
0.000000e+00
0.000000e+00
0.000000e+00
0.000000e+00
0.000000e+00
-8.940697e-08
0.000000e+00
1.490116e-07
0.000000e+00
0.000000e+00
0.000000e+00
1.490116e-07
0.000000e+00
-1.192093e-07
0.000000e+00
0.000000e+00
0.000000e+00
8.940697e-08
0.000000e+00
-1.192093e-07
0.000000e+00
0.000000e+00
0.000000e+00
-8.940697e-08
0.000000e+00
2.980232e-08
0.000000e+00
0.000000e+00
0.000000e+00
5.960464e-08
0.000000e+00
-5.960464e-08
0.000000e+00
0.000000e+00
0.000000e+00
-2.384186e-07
0.000000e+00
1.192093e-07
0.000000e+00
0.000000e+00
0.000000e+00
1.788139e-07
0.000000e+00
3.576279e-07
0.000000e+00
0.000000e+00
0.000000e+00
4.172325e-07
