# Static simulation
# Job: job_0002
# Scale: global
# Data key: U_global
# Timestamp (runner starts): 2025-02-22_18-11-36
# Data:
0.000000e+00
0.000000e+00
0.000000e+00
0.000000e+00
0.000000e+00
2.657641e-13
1.987843e-14
9.156080e-15
0.000000e+00
0.000000e+00
0.000000e+00
-1.391247e-13
6.069330e-14
-5.826507e-16
0.000000e+00
0.000000e+00
0.000000e+00
1.638394e-13
1.037149e-13
1.088610e-14
0.000000e+00
0.000000e+00
0.000000e+00
-1.341810e-13
1.133526e-13
1.493436e-15
0.000000e+00
0.000000e+00
0.000000e+00
5.258216e-14
1.121910e-13
5.174187e-15
0.000000e+00
0.000000e+00
0.000000e+00
-4.553758e-14
1.091842e-13
1.986557e-15
0.000000e+00
0.000000e+00
0.000000e+00
-3.247209e-13
1.044433e-13
-2.074391e-14
0.000000e+00
0.000000e+00
0.000000e+00
3.458396e-13
1.009807e-13
3.464864e-15
0.000000e+00
0.000000e+00
0.000000e+00
-1.941593e-12
1.109539e-13
-1.324467e-13
0.000000e+00
0.000000e+00
0.000000e+00
9.088662e-12
1.171103e-13
5.037597e-13
0.000000e+00
0.000000e+00
0.000000e+00
1.460379e-11
