# Static simulation
# Job: job_0002
# Scale: global
# Data key: F_mod
# Timestamp (runner starts): 2025-02-22_18-11-36
# Data:
0.000000e+00
0.000000e+00
0.000000e+00
0.000000e+00
0.000000e+00
-6.453561e-06
1.987716e-02
9.156080e-03
0.000000e+00
0.000000e+00
0.000000e+00
-2.066861e-06
6.069071e-02
-5.826507e-04
0.000000e+00
0.000000e+00
0.000000e+00
2.319839e-06
1.037112e-01
1.088610e-02
0.000000e+00
0.000000e+00
0.000000e+00
-2.281984e-06
1.133480e-01
1.493436e-03
0.000000e+00
0.000000e+00
0.000000e+00
1.430072e-06
1.121863e-01
5.174187e-03
0.000000e+00
0.000000e+00
0.000000e+00
-7.513169e-07
1.091796e-01
1.986557e-03
0.000000e+00
0.000000e+00
0.000000e+00
-2.137747e-06
1.044389e-01
-2.074391e-02
0.000000e+00
0.000000e+00
0.000000e+00
5.134578e-06
1.009762e-01
3.464864e-03
0.000000e+00
0.000000e+00
0.000000e+00
-1.751520e-05
1.109494e-01
-1.324467e-01
0.000000e+00
0.000000e+00
0.000000e+00
8.446024e-05
1.171080e-01
5.037597e-01
0.000000e+00
0.000000e+00
0.000000e+00
1.864357e-04
