# Static simulation
# Job: job_0002
# Scale: global
# Data key: U_cond
# Timestamp (runner starts): 2025-02-22_18-11-36
# Data:
0.000000e+00
0.000000e+00
0.000000e+00
0.000000e+00
0.000000e+00
0.000000e+00
1.987843e-14
9.156080e-15
0.000000e+00
0.000000e+00
0.000000e+00
0.000000e+00
6.069330e-14
-5.826507e-16
0.000000e+00
0.000000e+00
0.000000e+00
0.000000e+00
1.037149e-13
1.088610e-14
0.000000e+00
0.000000e+00
0.000000e+00
0.000000e+00
1.133526e-13
1.493436e-15
0.000000e+00
0.000000e+00
0.000000e+00
0.000000e+00
1.121910e-13
5.174187e-15
0.000000e+00
0.000000e+00
0.000000e+00
0.000000e+00
1.091842e-13
1.986557e-15
0.000000e+00
0.000000e+00
0.000000e+00
0.000000e+00
1.044433e-13
-2.074391e-14
0.000000e+00
0.000000e+00
0.000000e+00
0.000000e+00
1.009807e-13
3.464864e-15
0.000000e+00
0.000000e+00
0.000000e+00
0.000000e+00
1.109539e-13
-1.324467e-13
0.000000e+00
0.000000e+00
0.000000e+00
0.000000e+00
1.171103e-13
5.037597e-13
0.000000e+00
0.000000e+00
0.000000e+00
0.000000e+00
