# Static simulation
# Job: job_0002
# Scale: global
# Data key: R_cond
# Timestamp (runner starts): 2025-02-22_18-11-36
# Data:
0.000000e+00
0.000000e+00
0.000000e+00
0.000000e+00
0.000000e+00
0.000000e+00
-3.469447e-18
0.000000e+00
0.000000e+00
0.000000e+00
0.000000e+00
0.000000e+00
1.387779e-17
0.000000e+00
0.000000e+00
0.000000e+00
0.000000e+00
0.000000e+00
0.000000e+00
0.000000e+00
0.000000e+00
0.000000e+00
0.000000e+00
0.000000e+00
-1.387779e-17
0.000000e+00
0.000000e+00
0.000000e+00
0.000000e+00
0.000000e+00
-1.387779e-17
0.000000e+00
0.000000e+00
0.000000e+00
0.000000e+00
0.000000e+00
-1.387779e-17
0.000000e+00
0.000000e+00
0.000000e+00
0.000000e+00
0.000000e+00
0.000000e+00
0.000000e+00
0.000000e+00
0.000000e+00
0.000000e+00
0.000000e+00
0.000000e+00
0.000000e+00
0.000000e+00
0.000000e+00
0.000000e+00
0.000000e+00
0.000000e+00
0.000000e+00
0.000000e+00
0.000000e+00
0.000000e+00
0.000000e+00
1.387779e-17
0.000000e+00
0.000000e+00
0.000000e+00
0.000000e+00
0.000000e+00
