Force Vector: global_F

0.00e+00
-5.40e-01
0.00e+00
0.00e+00
0.00e+00
0.00e+00
0.00e+00
-4.50e+00
0.00e+00
0.00e+00
0.00e+00
0.00e+00
0.00e+00
-2.05e+01
0.00e+00
0.00e+00
0.00e+00
0.00e+00
0.00e+00
-5.24e+01
0.00e+00
0.00e+00
0.00e+00
0.00e+00
0.00e+00
-1.00e+02
0.00e+00
0.00e+00
0.00e+00
0.00e+00
0.00e+00
-1.64e+02
0.00e+00
0.00e+00
0.00e+00
0.00e+00
0.00e+00
-2.44e+02
0.00e+00
0.00e+00
0.00e+00
0.00e+00
0.00e+00
-3.40e+02
0.00e+00
0.00e+00
0.00e+00
0.00e+00
0.00e+00
-4.52e+02
0.00e+00
0.00e+00
0.00e+00
0.00e+00
0.00e+00
-5.80e+02
0.00e+00
0.00e+00
0.00e+00
0.00e+00
0.00e+00
-7.08e+02
0.00e+00
0.00e+00
0.00e+00
0.00e+00