# Static simulation
# Job: job_0001
# Scale: global
# Data key: F_global
# Timestamp (runner starts): 2025-02-19_17-43-38
# Data:
1.354630e-01
1.107386e+00
0.000000e+00
0.000000e+00
0.000000e+00
-3.251748e+00
3.701001e-01
-9.049876e-01
0.000000e+00
0.000000e+00
0.000000e+00
-9.981907e+01
2.111348e-01
-3.372083e-01
0.000000e+00
0.000000e+00
0.000000e+00
-2.256767e+02
1.123553e-01
-1.337411e-01
0.000000e+00
0.000000e+00
0.000000e+00
-3.176574e+02
7.076925e-02
-5.675125e-02
0.000000e+00
0.000000e+00
0.000000e+00
-3.494076e+02
6.823209e-02
1.994155e-01
0.000000e+00
0.000000e+00
0.000000e+00
-1.561360e+02
0.000000e+00
0.000000e+00
0.000000e+00
0.000000e+00
0.000000e+00
0.000000e+00
0.000000e+00
0.000000e+00
0.000000e+00
0.000000e+00
0.000000e+00
0.000000e+00
0.000000e+00
0.000000e+00
0.000000e+00
0.000000e+00
0.000000e+00
0.000000e+00
0.000000e+00
0.000000e+00
0.000000e+00
0.000000e+00
0.000000e+00
0.000000e+00
0.000000e+00
0.000000e+00
0.000000e+00
0.000000e+00
0.000000e+00
0.000000e+00
0.000000e+00
0.000000e+00
0.000000e+00
0.000000e+00
0.000000e+00
0.000000e+00
