# Static simulation
# Job: job_0006
# Scale: global
# Data key: U_global
# Timestamp (runner starts): 2025-03-03_12-54-12
# Data:
0.000000e+00
0.000000e+00
0.000000e+00
0.000000e+00
0.000000e+00
0.000000e+00
0.000000e+00
-1.115325e-04
0.000000e+00
0.000000e+00
0.000000e+00
0.000000e+00
0.000000e+00
-2.228768e-04
0.000000e+00
0.000000e+00
0.000000e+00
0.000000e+00
0.000000e+00
-3.333649e-04
0.000000e+00
0.000000e+00
0.000000e+00
0.000000e+00
0.000000e+00
-4.416604e-04
0.000000e+00
0.000000e+00
0.000000e+00
0.000000e+00
0.000000e+00
-5.457603e-04
0.000000e+00
0.000000e+00
0.000000e+00
0.000000e+00
0.000000e+00
-6.429902e-04
0.000000e+00
0.000000e+00
0.000000e+00
0.000000e+00
0.000000e+00
-7.300044e-04
0.000000e+00
0.000000e+00
0.000000e+00
0.000000e+00
0.000000e+00
-8.027877e-04
0.000000e+00
0.000000e+00
0.000000e+00
0.000000e+00
0.000000e+00
-8.566551e-04
0.000000e+00
0.000000e+00
0.000000e+00
0.000000e+00
0.000000e+00
-8.862536e-04
0.000000e+00
0.000000e+00
0.000000e+00
0.000000e+00
