# Static simulation
# Job: job_0003
# Scale: global
# Data key: R_cond
# Timestamp (runner starts): 2025-04-30_18-05-47
# Data:
0.000000e+00
-3.725290e-09
0.000000e+00
0.000000e+00
0.000000e+00
-9.313226e-10
0.000000e+00
-7.450581e-09
0.000000e+00
0.000000e+00
0.000000e+00
0.000000e+00
0.000000e+00
1.490116e-08
0.000000e+00
0.000000e+00
0.000000e+00
1.862645e-09
0.000000e+00
-2.607703e-08
0.000000e+00
0.000000e+00
0.000000e+00
1.396984e-08
0.000000e+00
1.117587e-08
0.000000e+00
0.000000e+00
0.000000e+00
-1.210719e-08
0.000000e+00
-1.862645e-08
0.000000e+00
0.000000e+00
0.000000e+00
-2.048910e-08
0.000000e+00
6.146729e-08
0.000000e+00
0.000000e+00
0.000000e+00
1.490116e-08
0.000000e+00
1.117587e-08
0.000000e+00
0.000000e+00
0.000000e+00
2.514571e-08
0.000000e+00
-5.215406e-08
0.000000e+00
0.000000e+00
0.000000e+00
2.421439e-08
0.000000e+00
8.195639e-08
0.000000e+00
0.000000e+00
0.000000e+00
1.303852e-08
