# Static simulation
# Job: job_0005
# Scale: global
# Data key: R_cond
# Timestamp (runner starts): 2025-04-08_17-27-16
# Data:
0.000000e+00
1.066428e-08
0.000000e+00
0.000000e+00
0.000000e+00
-7.450581e-09
0.000000e+00
2.577826e-08
0.000000e+00
0.000000e+00
0.000000e+00
1.490116e-08
0.000000e+00
-1.062745e-08
0.000000e+00
0.000000e+00
0.000000e+00
2.980232e-08
0.000000e+00
-3.609730e-07
0.000000e+00
0.000000e+00
0.000000e+00
8.940697e-08
0.000000e+00
-2.369561e-07
0.000000e+00
0.000000e+00
0.000000e+00
-5.960464e-08
0.000000e+00
1.218541e-08
0.000000e+00
0.000000e+00
0.000000e+00
7.450581e-08
0.000000e+00
-5.144393e-07
0.000000e+00
0.000000e+00
0.000000e+00
-1.490116e-07
0.000000e+00
6.759255e-07
0.000000e+00
0.000000e+00
0.000000e+00
0.000000e+00
0.000000e+00
-2.284833e-07
0.000000e+00
0.000000e+00
0.000000e+00
-2.831221e-07
0.000000e+00
6.115843e-07
0.000000e+00
0.000000e+00
0.000000e+00
-5.960464e-08
