# Static simulation
# Job: job_0006
# Scale: global
# Data key: F_global
# Timestamp (runner starts): 2025-05-19_12-16-15
# Data:
0.000000e+00
-2.666687e+01
0.000000e+00
0.000000e+00
0.000000e+00
0.000000e+00
0.000000e+00
-1.466663e+02
0.000000e+00
0.000000e+00
0.000000e+00
0.000000e+00
0.000000e+00
-5.466653e+02
0.000000e+00
0.000000e+00
0.000000e+00
0.000000e+00
0.000000e+00
-1.346668e+03
0.000000e+00
0.000000e+00
0.000000e+00
0.000000e+00
0.000000e+00
-2.546663e+03
0.000000e+00
0.000000e+00
0.000000e+00
0.000000e+00
0.000000e+00
-4.146671e+03
0.000000e+00
0.000000e+00
0.000000e+00
0.000000e+00
0.000000e+00
-6.146662e+03
0.000000e+00
0.000000e+00
0.000000e+00
0.000000e+00
0.000000e+00
-8.546672e+03
0.000000e+00
0.000000e+00
0.000000e+00
0.000000e+00
0.000000e+00
-1.134667e+04
0.000000e+00
0.000000e+00
0.000000e+00
0.000000e+00
0.000000e+00
-1.454667e+04
0.000000e+00
0.000000e+00
0.000000e+00
0.000000e+00
0.000000e+00
-1.732001e+04
0.000000e+00
0.000000e+00
0.000000e+00
0.000000e+00
