# Static simulation
# Job: job_0006
# Scale: global
# Data key: R_cond
# Timestamp (runner starts): 2025-04-30_18-05-49
# Data:
0.000000e+00
-1.057956e-08
0.000000e+00
0.000000e+00
0.000000e+00
1.117587e-08
0.000000e+00
-3.585819e-08
0.000000e+00
0.000000e+00
0.000000e+00
-7.450581e-09
0.000000e+00
3.171226e-08
0.000000e+00
0.000000e+00
0.000000e+00
-1.490116e-08
0.000000e+00
9.241921e-08
0.000000e+00
0.000000e+00
0.000000e+00
5.215406e-08
0.000000e+00
-1.825865e-07
0.000000e+00
0.000000e+00
0.000000e+00
-4.470348e-08
0.000000e+00
5.793481e-10
0.000000e+00
0.000000e+00
0.000000e+00
-4.470348e-08
0.000000e+00
2.789238e-07
0.000000e+00
0.000000e+00
0.000000e+00
-4.470348e-08
0.000000e+00
-3.985697e-07
0.000000e+00
0.000000e+00
0.000000e+00
1.490116e-08
0.000000e+00
1.856934e-07
0.000000e+00
0.000000e+00
0.000000e+00
0.000000e+00
0.000000e+00
2.403103e-07
0.000000e+00
0.000000e+00
0.000000e+00
1.490116e-07
