# Static simulation
# Job: job_0001
# Scale: global
# Data key: R_cond
# Timestamp (runner starts): 2025-03-16_22-31-52
# Data:
0.000000e+00
1.164153e-10
0.000000e+00
0.000000e+00
1.455192e-11
0.000000e+00
0.000000e+00
1.164153e-09
0.000000e+00
0.000000e+00
1.455192e-11
0.000000e+00
0.000000e+00
1.164153e-10
0.000000e+00
0.000000e+00
-2.910383e-11
0.000000e+00
0.000000e+00
-3.608875e-09
0.000000e+00
0.000000e+00
-2.182787e-10
0.000000e+00
0.000000e+00
5.122274e-09
0.000000e+00
0.000000e+00
-1.164153e-10
0.000000e+00
0.000000e+00
-2.211891e-09
0.000000e+00
0.000000e+00
1.018634e-10
0.000000e+00
0.000000e+00
-1.746230e-09
0.000000e+00
0.000000e+00
2.910383e-10
0.000000e+00
0.000000e+00
-1.862645e-09
0.000000e+00
0.000000e+00
-4.365575e-11
0.000000e+00
0.000000e+00
-9.080395e-09
0.000000e+00
0.000000e+00
5.820766e-11
0.000000e+00
0.000000e+00
5.355105e-09
0.000000e+00
0.000000e+00
-4.729372e-11
0.000000e+00
