Force Vector: global_F_mod

0.00e+00
0.00e+00
0.00e+00
0.00e+00
0.00e+00
0.00e+00
0.00e+00
0.00e+00
0.00e+00
0.00e+00
0.00e+00
0.00e+00
0.00e+00
-5.00e+02
0.00e+00
0.00e+00
0.00e+00
0.00e+00
0.00e+00
-5.00e+02
0.00e+00
0.00e+00
0.00e+00
0.00e+00
0.00e+00
0.00e+00
0.00e+00
0.00e+00
0.00e+00
0.00e+00
0.00e+00
0.00e+00
0.00e+00
0.00e+00
0.00e+00
0.00e+00
0.00e+00
0.00e+00
0.00e+00
0.00e+00
0.00e+00
0.00e+00
0.00e+00
0.00e+00
0.00e+00
0.00e+00
0.00e+00
0.00e+00
0.00e+00
0.00e+00
0.00e+00
0.00e+00
0.00e+00
0.00e+00
0.00e+00
0.00e+00
0.00e+00
0.00e+00
0.00e+00
0.00e+00
0.00e+00
0.00e+00
0.00e+00
0.00e+00
0.00e+00
0.00e+00