# Static simulation
# Job: job_0006
# Scale: element
# Data key: F_e
# Timestamp (runner starts): 2025-02-24_09-43-11
# Data:

# Element ID: 0
0.000000e+00,-1.973477e-01,0.000000e+00,0.000000e+00,0.000000e+00,0.000000e+00,0.000000e+00,1.973477e-01,0.000000e+00,0.000000e+00,0.000000e+00,0.000000e+00

# Element ID: 1
0.000000e+00,-1.857438e-01,0.000000e+00,0.000000e+00,0.000000e+00,0.000000e+00,0.000000e+00,1.857438e-01,0.000000e+00,0.000000e+00,0.000000e+00,0.000000e+00

# Element ID: 2
0.000000e+00,-1.748185e-01,0.000000e+00,0.000000e+00,0.000000e+00,0.000000e+00,0.000000e+00,1.748194e-01,0.000000e+00,0.000000e+00,0.000000e+00,0.000000e+00

# Element ID: 3
0.000000e+00,-1.645402e-01,0.000000e+00,0.000000e+00,0.000000e+00,0.000000e+00,0.000000e+00,1.645402e-01,0.000000e+00,0.000000e+00,0.000000e+00,0.000000e+00

# Element ID: 4
0.000000e+00,-1.548644e-01,0.000000e+00,0.000000e+00,0.000000e+00,0.000000e+00,0.000000e+00,1.548644e-01,0.000000e+00,0.000000e+00,0.000000e+00,0.000000e+00

# Element ID: 5
0.000000e+00,-1.457569e-01,0.000000e+00,0.000000e+00,0.000000e+00,0.000000e+00,0.000000e+00,1.457569e-01,0.000000e+00,0.000000e+00,0.000000e+00,0.000000e+00

# Element ID: 6
0.000000e+00,-1.371836e-01,0.000000e+00,0.000000e+00,0.000000e+00,0.000000e+00,0.000000e+00,1.371840e-01,0.000000e+00,0.000000e+00,0.000000e+00,0.000000e+00

# Element ID: 7
0.000000e+00,-1.291185e-01,0.000000e+00,0.000000e+00,0.000000e+00,0.000000e+00,0.000000e+00,1.291185e-01,0.000000e+00,0.000000e+00,0.000000e+00,0.000000e+00

# Element ID: 8
0.000000e+00,-1.215259e-01,0.000000e+00,0.000000e+00,0.000000e+00,0.000000e+00,0.000000e+00,1.215259e-01,0.000000e+00,0.000000e+00,0.000000e+00,0.000000e+00

# Element ID: 9
0.000000e+00,-1.143784e-01,0.000000e+00,0.000000e+00,0.000000e+00,0.000000e+00,0.000000e+00,1.143784e-01,0.000000e+00,0.000000e+00,0.000000e+00,0.000000e+00

# Element ID: 10
0.000000e+00,-1.076527e-01,0.000000e+00,0.000000e+00,0.000000e+00,0.000000e+00,0.000000e+00,1.076527e-01,0.000000e+00,0.000000e+00,0.000000e+00,0.000000e+00

# Element ID: 11
0.000000e+00,-1.013212e-01,0.000000e+00,0.000000e+00,0.000000e+00,0.000000e+00,0.000000e+00,1.013216e-01,0.000000e+00,0.000000e+00,0.000000e+00,0.000000e+00

# Element ID: 12
0.000000e+00,-9.536337e-02,0.000000e+00,0.000000e+00,0.000000e+00,0.000000e+00,0.000000e+00,9.536337e-02,0.000000e+00,0.000000e+00,0.000000e+00,0.000000e+00

# Element ID: 13
0.000000e+00,-8.975565e-02,0.000000e+00,0.000000e+00,0.000000e+00,0.000000e+00,0.000000e+00,8.975564e-02,0.000000e+00,0.000000e+00,0.000000e+00,0.000000e+00

# Element ID: 14
0.000000e+00,-8.447805e-02,0.000000e+00,0.000000e+00,0.000000e+00,0.000000e+00,0.000000e+00,8.447805e-02,0.000000e+00,0.000000e+00,0.000000e+00,0.000000e+00

# Element ID: 15
0.000000e+00,-7.950884e-02,0.000000e+00,0.000000e+00,0.000000e+00,0.000000e+00,0.000000e+00,7.950884e-02,0.000000e+00,0.000000e+00,0.000000e+00,0.000000e+00

# Element ID: 16
0.000000e+00,-7.483427e-02,0.000000e+00,0.000000e+00,0.000000e+00,0.000000e+00,0.000000e+00,7.483427e-02,0.000000e+00,0.000000e+00,0.000000e+00,0.000000e+00

# Element ID: 17
0.000000e+00,-7.043351e-02,0.000000e+00,0.000000e+00,0.000000e+00,0.000000e+00,0.000000e+00,7.043289e-02,0.000000e+00,0.000000e+00,0.000000e+00,0.000000e+00

# Element ID: 18
0.000000e+00,-6.629176e-02,0.000000e+00,0.000000e+00,0.000000e+00,0.000000e+00,0.000000e+00,6.629176e-02,0.000000e+00,0.000000e+00,0.000000e+00,0.000000e+00

# Element ID: 19
0.000000e+00,-6.239284e-02,0.000000e+00,0.000000e+00,0.000000e+00,0.000000e+00,0.000000e+00,6.239284e-02,0.000000e+00,0.000000e+00,0.000000e+00,0.000000e+00

# Element ID: 20
0.000000e+00,-5.872427e-02,0.000000e+00,0.000000e+00,0.000000e+00,0.000000e+00,0.000000e+00,5.872427e-02,0.000000e+00,0.000000e+00,0.000000e+00,0.000000e+00

# Element ID: 21
0.000000e+00,-5.527070e-02,0.000000e+00,0.000000e+00,0.000000e+00,0.000000e+00,0.000000e+00,5.527070e-02,0.000000e+00,0.000000e+00,0.000000e+00,0.000000e+00

# Element ID: 22
0.000000e+00,-5.202011e-02,0.000000e+00,0.000000e+00,0.000000e+00,0.000000e+00,0.000000e+00,5.202011e-02,0.000000e+00,0.000000e+00,0.000000e+00,0.000000e+00

# Element ID: 23
0.000000e+00,-4.896186e-02,0.000000e+00,0.000000e+00,0.000000e+00,0.000000e+00,0.000000e+00,4.896186e-02,0.000000e+00,0.000000e+00,0.000000e+00,0.000000e+00

# Element ID: 24
0.000000e+00,-4.608196e-02,0.000000e+00,0.000000e+00,0.000000e+00,0.000000e+00,0.000000e+00,4.608182e-02,0.000000e+00,0.000000e+00,0.000000e+00,0.000000e+00

# Element ID: 25
0.000000e+00,-4.337136e-02,0.000000e+00,0.000000e+00,0.000000e+00,0.000000e+00,0.000000e+00,4.337176e-02,0.000000e+00,0.000000e+00,0.000000e+00,0.000000e+00

# Element ID: 26
0.000000e+00,-4.082157e-02,0.000000e+00,0.000000e+00,0.000000e+00,0.000000e+00,0.000000e+00,4.082157e-02,0.000000e+00,0.000000e+00,0.000000e+00,0.000000e+00

# Element ID: 27
0.000000e+00,-3.842134e-02,0.000000e+00,0.000000e+00,0.000000e+00,0.000000e+00,0.000000e+00,3.842134e-02,0.000000e+00,0.000000e+00,0.000000e+00,0.000000e+00

# Element ID: 28
0.000000e+00,-3.616171e-02,0.000000e+00,0.000000e+00,0.000000e+00,0.000000e+00,0.000000e+00,3.616171e-02,0.000000e+00,0.000000e+00,0.000000e+00,0.000000e+00

# Element ID: 29
0.000000e+00,-3.403509e-02,0.000000e+00,0.000000e+00,0.000000e+00,0.000000e+00,0.000000e+00,3.403509e-02,0.000000e+00,0.000000e+00,0.000000e+00,0.000000e+00

# Element ID: 30
0.000000e+00,-3.203363e-02,0.000000e+00,0.000000e+00,0.000000e+00,0.000000e+00,0.000000e+00,3.203363e-02,0.000000e+00,0.000000e+00,0.000000e+00,0.000000e+00

# Element ID: 31
0.000000e+00,-3.014989e-02,0.000000e+00,0.000000e+00,0.000000e+00,0.000000e+00,0.000000e+00,3.014989e-02,0.000000e+00,0.000000e+00,0.000000e+00,0.000000e+00

# Element ID: 32
0.000000e+00,-2.837739e-02,0.000000e+00,0.000000e+00,0.000000e+00,0.000000e+00,0.000000e+00,2.837739e-02,0.000000e+00,0.000000e+00,0.000000e+00,0.000000e+00

# Element ID: 33
0.000000e+00,-2.670825e-02,0.000000e+00,0.000000e+00,0.000000e+00,0.000000e+00,0.000000e+00,2.670825e-02,0.000000e+00,0.000000e+00,0.000000e+00,0.000000e+00

# Element ID: 34
0.000000e+00,-2.513733e-02,0.000000e+00,0.000000e+00,0.000000e+00,0.000000e+00,0.000000e+00,2.513733e-02,0.000000e+00,0.000000e+00,0.000000e+00,0.000000e+00

# Element ID: 35
0.000000e+00,-2.365884e-02,0.000000e+00,0.000000e+00,0.000000e+00,0.000000e+00,0.000000e+00,2.365888e-02,0.000000e+00,0.000000e+00,0.000000e+00,0.000000e+00

# Element ID: 36
0.000000e+00,-2.226844e-02,0.000000e+00,0.000000e+00,0.000000e+00,0.000000e+00,0.000000e+00,2.226844e-02,0.000000e+00,0.000000e+00,0.000000e+00,0.000000e+00

# Element ID: 37
0.000000e+00,-2.095823e-02,0.000000e+00,0.000000e+00,0.000000e+00,0.000000e+00,0.000000e+00,2.095823e-02,0.000000e+00,0.000000e+00,0.000000e+00,0.000000e+00

# Element ID: 38
0.000000e+00,-1.972596e-02,0.000000e+00,0.000000e+00,0.000000e+00,0.000000e+00,0.000000e+00,1.972596e-02,0.000000e+00,0.000000e+00,0.000000e+00,0.000000e+00

# Element ID: 39
0.000000e+00,-1.856618e-02,0.000000e+00,0.000000e+00,0.000000e+00,0.000000e+00,0.000000e+00,1.856618e-02,0.000000e+00,0.000000e+00,0.000000e+00,0.000000e+00

# Element ID: 40
0.000000e+00,-1.747423e-02,0.000000e+00,0.000000e+00,0.000000e+00,0.000000e+00,0.000000e+00,1.747423e-02,0.000000e+00,0.000000e+00,0.000000e+00,0.000000e+00

# Element ID: 41
0.000000e+00,-1.644665e-02,0.000000e+00,0.000000e+00,0.000000e+00,0.000000e+00,0.000000e+00,1.644665e-02,0.000000e+00,0.000000e+00,0.000000e+00,0.000000e+00

# Element ID: 42
0.000000e+00,-1.547966e-02,0.000000e+00,0.000000e+00,0.000000e+00,0.000000e+00,0.000000e+00,1.547966e-02,0.000000e+00,0.000000e+00,0.000000e+00,0.000000e+00

# Element ID: 43
0.000000e+00,-1.456926e-02,0.000000e+00,0.000000e+00,0.000000e+00,0.000000e+00,0.000000e+00,1.456926e-02,0.000000e+00,0.000000e+00,0.000000e+00,0.000000e+00

# Element ID: 44
0.000000e+00,-1.371211e-02,0.000000e+00,0.000000e+00,0.000000e+00,0.000000e+00,0.000000e+00,1.371211e-02,0.000000e+00,0.000000e+00,0.000000e+00,0.000000e+00

# Element ID: 45
0.000000e+00,-1.290623e-02,0.000000e+00,0.000000e+00,0.000000e+00,0.000000e+00,0.000000e+00,1.290623e-02,0.000000e+00,0.000000e+00,0.000000e+00,0.000000e+00

# Element ID: 46
0.000000e+00,-1.214696e-02,0.000000e+00,0.000000e+00,0.000000e+00,0.000000e+00,0.000000e+00,1.214696e-02,0.000000e+00,0.000000e+00,0.000000e+00,0.000000e+00

# Element ID: 47
0.000000e+00,-1.143300e-02,0.000000e+00,0.000000e+00,0.000000e+00,0.000000e+00,0.000000e+00,1.143300e-02,0.000000e+00,0.000000e+00,0.000000e+00,0.000000e+00

# Element ID: 48
0.000000e+00,-1.076035e-02,0.000000e+00,0.000000e+00,0.000000e+00,0.000000e+00,0.000000e+00,1.076032e-02,0.000000e+00,0.000000e+00,0.000000e+00,0.000000e+00

# Element ID: 49
0.000000e+00,-1.012738e-02,0.000000e+00,0.000000e+00,0.000000e+00,0.000000e+00,0.000000e+00,1.012747e-02,0.000000e+00,0.000000e+00,0.000000e+00,0.000000e+00

# Element ID: 50
0.000000e+00,-9.532362e-03,0.000000e+00,0.000000e+00,0.000000e+00,0.000000e+00,0.000000e+00,9.532362e-03,0.000000e+00,0.000000e+00,0.000000e+00,0.000000e+00

# Element ID: 51
0.000000e+00,-8.971645e-03,0.000000e+00,0.000000e+00,0.000000e+00,0.000000e+00,0.000000e+00,8.971645e-03,0.000000e+00,0.000000e+00,0.000000e+00,0.000000e+00

# Element ID: 52
0.000000e+00,-8.443834e-03,0.000000e+00,0.000000e+00,0.000000e+00,0.000000e+00,0.000000e+00,8.443834e-03,0.000000e+00,0.000000e+00,0.000000e+00,0.000000e+00

# Element ID: 53
0.000000e+00,-7.947461e-03,0.000000e+00,0.000000e+00,0.000000e+00,0.000000e+00,0.000000e+00,7.947461e-03,0.000000e+00,0.000000e+00,0.000000e+00,0.000000e+00

# Element ID: 54
0.000000e+00,-7.480182e-03,0.000000e+00,0.000000e+00,0.000000e+00,0.000000e+00,0.000000e+00,7.480182e-03,0.000000e+00,0.000000e+00,0.000000e+00,0.000000e+00

# Element ID: 55
0.000000e+00,-7.040105e-03,0.000000e+00,0.000000e+00,0.000000e+00,0.000000e+00,0.000000e+00,7.040105e-03,0.000000e+00,0.000000e+00,0.000000e+00,0.000000e+00

# Element ID: 56
0.000000e+00,-6.626314e-03,0.000000e+00,0.000000e+00,0.000000e+00,0.000000e+00,0.000000e+00,6.626314e-03,0.000000e+00,0.000000e+00,0.000000e+00,0.000000e+00

# Element ID: 57
0.000000e+00,-6.236497e-03,0.000000e+00,0.000000e+00,0.000000e+00,0.000000e+00,0.000000e+00,6.236497e-03,0.000000e+00,0.000000e+00,0.000000e+00,0.000000e+00

# Element ID: 58
0.000000e+00,-5.869596e-03,0.000000e+00,0.000000e+00,0.000000e+00,0.000000e+00,0.000000e+00,5.869596e-03,0.000000e+00,0.000000e+00,0.000000e+00,0.000000e+00

# Element ID: 59
0.000000e+00,-5.524587e-03,0.000000e+00,0.000000e+00,0.000000e+00,0.000000e+00,0.000000e+00,5.524587e-03,0.000000e+00,0.000000e+00,0.000000e+00,0.000000e+00

# Element ID: 60
0.000000e+00,-5.199965e-03,0.000000e+00,0.000000e+00,0.000000e+00,0.000000e+00,0.000000e+00,5.199965e-03,0.000000e+00,0.000000e+00,0.000000e+00,0.000000e+00

# Element ID: 61
0.000000e+00,-4.893825e-03,0.000000e+00,0.000000e+00,0.000000e+00,0.000000e+00,0.000000e+00,4.893825e-03,0.000000e+00,0.000000e+00,0.000000e+00,0.000000e+00

# Element ID: 62
0.000000e+00,-4.606085e-03,0.000000e+00,0.000000e+00,0.000000e+00,0.000000e+00,0.000000e+00,4.606085e-03,0.000000e+00,0.000000e+00,0.000000e+00,0.000000e+00

# Element ID: 63
0.000000e+00,-4.335439e-03,0.000000e+00,0.000000e+00,0.000000e+00,0.000000e+00,0.000000e+00,4.335439e-03,0.000000e+00,0.000000e+00,0.000000e+00,0.000000e+00

# Element ID: 64
0.000000e+00,-4.080210e-03,0.000000e+00,0.000000e+00,0.000000e+00,0.000000e+00,0.000000e+00,4.080210e-03,0.000000e+00,0.000000e+00,0.000000e+00,0.000000e+00

# Element ID: 65
0.000000e+00,-3.840389e-03,0.000000e+00,0.000000e+00,0.000000e+00,0.000000e+00,0.000000e+00,3.840389e-03,0.000000e+00,0.000000e+00,0.000000e+00,0.000000e+00

# Element ID: 66
0.000000e+00,-3.614629e-03,0.000000e+00,0.000000e+00,0.000000e+00,0.000000e+00,0.000000e+00,3.614629e-03,0.000000e+00,0.000000e+00,0.000000e+00,0.000000e+00

# Element ID: 67
0.000000e+00,-3.402097e-03,0.000000e+00,0.000000e+00,0.000000e+00,0.000000e+00,0.000000e+00,3.402097e-03,0.000000e+00,0.000000e+00,0.000000e+00,0.000000e+00

# Element ID: 68
0.000000e+00,-3.201803e-03,0.000000e+00,0.000000e+00,0.000000e+00,0.000000e+00,0.000000e+00,3.201803e-03,0.000000e+00,0.000000e+00,0.000000e+00,0.000000e+00

# Element ID: 69
0.000000e+00,-3.013794e-03,0.000000e+00,0.000000e+00,0.000000e+00,0.000000e+00,0.000000e+00,3.013794e-03,0.000000e+00,0.000000e+00,0.000000e+00,0.000000e+00

# Element ID: 70
0.000000e+00,-2.836365e-03,0.000000e+00,0.000000e+00,0.000000e+00,0.000000e+00,0.000000e+00,2.836360e-03,0.000000e+00,0.000000e+00,0.000000e+00,0.000000e+00

# Element ID: 71
0.000000e+00,-2.669582e-03,0.000000e+00,0.000000e+00,0.000000e+00,0.000000e+00,0.000000e+00,2.669582e-03,0.000000e+00,0.000000e+00,0.000000e+00,0.000000e+00

# Element ID: 72
0.000000e+00,-2.512667e-03,0.000000e+00,0.000000e+00,0.000000e+00,0.000000e+00,0.000000e+00,2.512667e-03,0.000000e+00,0.000000e+00,0.000000e+00,0.000000e+00

# Element ID: 73
0.000000e+00,-2.364803e-03,0.000000e+00,0.000000e+00,0.000000e+00,0.000000e+00,0.000000e+00,2.364819e-03,0.000000e+00,0.000000e+00,0.000000e+00,0.000000e+00

# Element ID: 74
0.000000e+00,-2.225781e-03,0.000000e+00,0.000000e+00,0.000000e+00,0.000000e+00,0.000000e+00,2.225781e-03,0.000000e+00,0.000000e+00,0.000000e+00,0.000000e+00

# Element ID: 75
0.000000e+00,-2.094989e-03,0.000000e+00,0.000000e+00,0.000000e+00,0.000000e+00,0.000000e+00,2.094989e-03,0.000000e+00,0.000000e+00,0.000000e+00,0.000000e+00

# Element ID: 76
0.000000e+00,-1.971765e-03,0.000000e+00,0.000000e+00,0.000000e+00,0.000000e+00,0.000000e+00,1.971765e-03,0.000000e+00,0.000000e+00,0.000000e+00,0.000000e+00

# Element ID: 77
0.000000e+00,-1.855778e-03,0.000000e+00,0.000000e+00,0.000000e+00,0.000000e+00,0.000000e+00,1.855778e-03,0.000000e+00,0.000000e+00,0.000000e+00,0.000000e+00

# Element ID: 78
0.000000e+00,-1.746555e-03,0.000000e+00,0.000000e+00,0.000000e+00,0.000000e+00,0.000000e+00,1.746555e-03,0.000000e+00,0.000000e+00,0.000000e+00,0.000000e+00

# Element ID: 79
0.000000e+00,-1.643940e-03,0.000000e+00,0.000000e+00,0.000000e+00,0.000000e+00,0.000000e+00,1.643940e-03,0.000000e+00,0.000000e+00,0.000000e+00,0.000000e+00

# Element ID: 80
0.000000e+00,-1.547211e-03,0.000000e+00,0.000000e+00,0.000000e+00,0.000000e+00,0.000000e+00,1.547211e-03,0.000000e+00,0.000000e+00,0.000000e+00,0.000000e+00

# Element ID: 81
0.000000e+00,-1.456382e-03,0.000000e+00,0.000000e+00,0.000000e+00,0.000000e+00,0.000000e+00,1.456382e-03,0.000000e+00,0.000000e+00,0.000000e+00,0.000000e+00

# Element ID: 82
0.000000e+00,-1.370524e-03,0.000000e+00,0.000000e+00,0.000000e+00,0.000000e+00,0.000000e+00,1.370524e-03,0.000000e+00,0.000000e+00,0.000000e+00,0.000000e+00

# Element ID: 83
0.000000e+00,-1.290067e-03,0.000000e+00,0.000000e+00,0.000000e+00,0.000000e+00,0.000000e+00,1.290067e-03,0.000000e+00,0.000000e+00,0.000000e+00,0.000000e+00

# Element ID: 84
0.000000e+00,-1.214137e-03,0.000000e+00,0.000000e+00,0.000000e+00,0.000000e+00,0.000000e+00,1.214137e-03,0.000000e+00,0.000000e+00,0.000000e+00,0.000000e+00

# Element ID: 85
0.000000e+00,-1.142780e-03,0.000000e+00,0.000000e+00,0.000000e+00,0.000000e+00,0.000000e+00,1.142780e-03,0.000000e+00,0.000000e+00,0.000000e+00,0.000000e+00

# Element ID: 86
0.000000e+00,-1.075669e-03,0.000000e+00,0.000000e+00,0.000000e+00,0.000000e+00,0.000000e+00,1.075669e-03,0.000000e+00,0.000000e+00,0.000000e+00,0.000000e+00

# Element ID: 87
0.000000e+00,-1.012276e-03,0.000000e+00,0.000000e+00,0.000000e+00,0.000000e+00,0.000000e+00,1.012276e-03,0.000000e+00,0.000000e+00,0.000000e+00,0.000000e+00

# Element ID: 88
0.000000e+00,-9.527713e-04,0.000000e+00,0.000000e+00,0.000000e+00,0.000000e+00,0.000000e+00,9.527713e-04,0.000000e+00,0.000000e+00,0.000000e+00,0.000000e+00

# Element ID: 89
0.000000e+00,-8.967621e-04,0.000000e+00,0.000000e+00,0.000000e+00,0.000000e+00,0.000000e+00,8.967621e-04,0.000000e+00,0.000000e+00,0.000000e+00,0.000000e+00

# Element ID: 90
0.000000e+00,-8.439894e-04,0.000000e+00,0.000000e+00,0.000000e+00,0.000000e+00,0.000000e+00,8.439894e-04,0.000000e+00,0.000000e+00,0.000000e+00,0.000000e+00

# Element ID: 91
0.000000e+00,-7.944106e-04,0.000000e+00,0.000000e+00,0.000000e+00,0.000000e+00,0.000000e+00,7.944106e-04,0.000000e+00,0.000000e+00,0.000000e+00,0.000000e+00

# Element ID: 92
0.000000e+00,-7.476852e-04,0.000000e+00,0.000000e+00,0.000000e+00,0.000000e+00,0.000000e+00,7.476852e-04,0.000000e+00,0.000000e+00,0.000000e+00,0.000000e+00

# Element ID: 93
0.000000e+00,-7.036883e-04,0.000000e+00,0.000000e+00,0.000000e+00,0.000000e+00,0.000000e+00,7.036883e-04,0.000000e+00,0.000000e+00,0.000000e+00,0.000000e+00

# Element ID: 94
0.000000e+00,-6.623897e-04,0.000000e+00,0.000000e+00,0.000000e+00,0.000000e+00,0.000000e+00,6.623897e-04,0.000000e+00,0.000000e+00,0.000000e+00,0.000000e+00

# Element ID: 95
0.000000e+00,-6.233104e-04,0.000000e+00,0.000000e+00,0.000000e+00,0.000000e+00,0.000000e+00,6.233104e-04,0.000000e+00,0.000000e+00,0.000000e+00,0.000000e+00

# Element ID: 96
0.000000e+00,-5.867031e-04,0.000000e+00,0.000000e+00,0.000000e+00,0.000000e+00,0.000000e+00,5.867031e-04,0.000000e+00,0.000000e+00,0.000000e+00,0.000000e+00

# Element ID: 97
0.000000e+00,-5.522832e-04,0.000000e+00,0.000000e+00,0.000000e+00,0.000000e+00,0.000000e+00,5.522832e-04,0.000000e+00,0.000000e+00,0.000000e+00,0.000000e+00

# Element ID: 98
0.000000e+00,-5.197093e-04,0.000000e+00,0.000000e+00,0.000000e+00,0.000000e+00,0.000000e+00,5.197093e-04,0.000000e+00,0.000000e+00,0.000000e+00,0.000000e+00
