# Static simulation
# Job: job_0006
# Scale: global
# Data key: F_mod
# Timestamp (runner starts): 2025-02-24_09-43-11
# Data:
0.000000e+00
0.000000e+00
0.000000e+00
0.000000e+00
0.000000e+00
0.000000e+00
0.000000e+00
1.160386e-02
0.000000e+00
0.000000e+00
0.000000e+00
0.000000e+00
0.000000e+00
1.092526e-02
0.000000e+00
0.000000e+00
0.000000e+00
0.000000e+00
0.000000e+00
1.027923e-02
0.000000e+00
0.000000e+00
0.000000e+00
0.000000e+00
0.000000e+00
9.675827e-03
0.000000e+00
0.000000e+00
0.000000e+00
0.000000e+00
0.000000e+00
9.107421e-03
0.000000e+00
0.000000e+00
0.000000e+00
0.000000e+00
0.000000e+00
8.573298e-03
0.000000e+00
0.000000e+00
0.000000e+00
0.000000e+00
0.000000e+00
8.065488e-03
0.000000e+00
0.000000e+00
0.000000e+00
0.000000e+00
0.000000e+00
7.592649e-03
0.000000e+00
0.000000e+00
0.000000e+00
0.000000e+00
0.000000e+00
7.147476e-03
0.000000e+00
0.000000e+00
0.000000e+00
0.000000e+00
0.000000e+00
6.725637e-03
0.000000e+00
0.000000e+00
0.000000e+00
0.000000e+00
0.000000e+00
6.331545e-03
0.000000e+00
0.000000e+00
0.000000e+00
0.000000e+00
0.000000e+00
5.958206e-03
0.000000e+00
0.000000e+00
0.000000e+00
0.000000e+00
0.000000e+00
5.607719e-03
0.000000e+00
0.000000e+00
0.000000e+00
0.000000e+00
0.000000e+00
5.277587e-03
0.000000e+00
0.000000e+00
0.000000e+00
0.000000e+00
0.000000e+00
4.969217e-03
0.000000e+00
0.000000e+00
0.000000e+00
0.000000e+00
0.000000e+00
4.674563e-03
0.000000e+00
0.000000e+00
0.000000e+00
0.000000e+00
0.000000e+00
4.400763e-03
0.000000e+00
0.000000e+00
0.000000e+00
0.000000e+00
0.000000e+00
4.141132e-03
0.000000e+00
0.000000e+00
0.000000e+00
0.000000e+00
0.000000e+00
3.898913e-03
0.000000e+00
0.000000e+00
0.000000e+00
0.000000e+00
0.000000e+00
3.668570e-03
0.000000e+00
0.000000e+00
0.000000e+00
0.000000e+00
0.000000e+00
3.453575e-03
0.000000e+00
0.000000e+00
0.000000e+00
0.000000e+00
0.000000e+00
3.250590e-03
0.000000e+00
0.000000e+00
0.000000e+00
0.000000e+00
0.000000e+00
3.058251e-03
0.000000e+00
0.000000e+00
0.000000e+00
0.000000e+00
0.000000e+00
2.879894e-03
0.000000e+00
0.000000e+00
0.000000e+00
0.000000e+00
0.000000e+00
2.710456e-03
0.000000e+00
0.000000e+00
0.000000e+00
0.000000e+00
0.000000e+00
2.550191e-03
0.000000e+00
0.000000e+00
0.000000e+00
0.000000e+00
0.000000e+00
2.400227e-03
0.000000e+00
0.000000e+00
0.000000e+00
0.000000e+00
0.000000e+00
2.259636e-03
0.000000e+00
0.000000e+00
0.000000e+00
0.000000e+00
0.000000e+00
2.126617e-03
0.000000e+00
0.000000e+00
0.000000e+00
0.000000e+00
0.000000e+00
2.001458e-03
0.000000e+00
0.000000e+00
0.000000e+00
0.000000e+00
0.000000e+00
1.883746e-03
0.000000e+00
0.000000e+00
0.000000e+00
0.000000e+00
0.000000e+00
1.772498e-03
0.000000e+00
0.000000e+00
0.000000e+00
0.000000e+00
0.000000e+00
1.669137e-03
0.000000e+00
0.000000e+00
0.000000e+00
0.000000e+00
0.000000e+00
1.570925e-03
0.000000e+00
0.000000e+00
0.000000e+00
0.000000e+00
0.000000e+00
1.478488e-03
0.000000e+00
0.000000e+00
0.000000e+00
0.000000e+00
0.000000e+00
1.390447e-03
0.000000e+00
0.000000e+00
0.000000e+00
0.000000e+00
0.000000e+00
1.310204e-03
0.000000e+00
0.000000e+00
0.000000e+00
0.000000e+00
0.000000e+00
1.232266e-03
0.000000e+00
0.000000e+00
0.000000e+00
0.000000e+00
0.000000e+00
1.159783e-03
0.000000e+00
0.000000e+00
0.000000e+00
0.000000e+00
0.000000e+00
1.091948e-03
0.000000e+00
0.000000e+00
0.000000e+00
0.000000e+00
0.000000e+00
1.027584e-03
0.000000e+00
0.000000e+00
0.000000e+00
0.000000e+00
0.000000e+00
9.669931e-04
0.000000e+00
0.000000e+00
0.000000e+00
0.000000e+00
0.000000e+00
9.103970e-04
0.000000e+00
0.000000e+00
0.000000e+00
0.000000e+00
0.000000e+00
8.571518e-04
0.000000e+00
0.000000e+00
0.000000e+00
0.000000e+00
0.000000e+00
8.058753e-04
0.000000e+00
0.000000e+00
0.000000e+00
0.000000e+00
0.000000e+00
7.592711e-04
0.000000e+00
0.000000e+00
0.000000e+00
0.000000e+00
0.000000e+00
7.139617e-04
0.000000e+00
0.000000e+00
0.000000e+00
0.000000e+00
0.000000e+00
6.726508e-04
0.000000e+00
0.000000e+00
0.000000e+00
0.000000e+00
0.000000e+00
6.329418e-04
0.000000e+00
0.000000e+00
0.000000e+00
0.000000e+00
0.000000e+00
5.951034e-04
0.000000e+00
0.000000e+00
0.000000e+00
0.000000e+00
0.000000e+00
5.607172e-04
0.000000e+00
0.000000e+00
0.000000e+00
0.000000e+00
0.000000e+00
5.278105e-04
0.000000e+00
0.000000e+00
0.000000e+00
0.000000e+00
0.000000e+00
4.963738e-04
0.000000e+00
0.000000e+00
0.000000e+00
0.000000e+00
0.000000e+00
4.672788e-04
0.000000e+00
0.000000e+00
0.000000e+00
0.000000e+00
0.000000e+00
4.400765e-04
0.000000e+00
0.000000e+00
0.000000e+00
0.000000e+00
0.000000e+00
4.137916e-04
0.000000e+00
0.000000e+00
0.000000e+00
0.000000e+00
0.000000e+00
3.898172e-04
0.000000e+00
0.000000e+00
0.000000e+00
0.000000e+00
0.000000e+00
3.669004e-04
0.000000e+00
0.000000e+00
0.000000e+00
0.000000e+00
0.000000e+00
3.450091e-04
0.000000e+00
0.000000e+00
0.000000e+00
0.000000e+00
0.000000e+00
3.246217e-04
0.000000e+00
0.000000e+00
0.000000e+00
0.000000e+00
0.000000e+00
3.061407e-04
0.000000e+00
0.000000e+00
0.000000e+00
0.000000e+00
0.000000e+00
2.877399e-04
0.000000e+00
0.000000e+00
0.000000e+00
0.000000e+00
0.000000e+00
2.706461e-04
0.000000e+00
0.000000e+00
0.000000e+00
0.000000e+00
0.000000e+00
2.552285e-04
0.000000e+00
0.000000e+00
0.000000e+00
0.000000e+00
0.000000e+00
2.398215e-04
0.000000e+00
0.000000e+00
0.000000e+00
0.000000e+00
0.000000e+00
2.257597e-04
0.000000e+00
0.000000e+00
0.000000e+00
0.000000e+00
0.000000e+00
2.125317e-04
0.000000e+00
0.000000e+00
0.000000e+00
0.000000e+00
0.000000e+00
2.002938e-04
0.000000e+00
0.000000e+00
0.000000e+00
0.000000e+00
0.000000e+00
1.880097e-04
0.000000e+00
0.000000e+00
0.000000e+00
0.000000e+00
0.000000e+00
1.774284e-04
0.000000e+00
0.000000e+00
0.000000e+00
0.000000e+00
0.000000e+00
1.667775e-04
0.000000e+00
0.000000e+00
0.000000e+00
0.000000e+00
0.000000e+00
1.569146e-04
0.000000e+00
0.000000e+00
0.000000e+00
0.000000e+00
0.000000e+00
1.478647e-04
0.000000e+00
0.000000e+00
0.000000e+00
0.000000e+00
0.000000e+00
1.390374e-04
0.000000e+00
0.000000e+00
0.000000e+00
0.000000e+00
0.000000e+00
1.307929e-04
0.000000e+00
0.000000e+00
0.000000e+00
0.000000e+00
0.000000e+00
1.232236e-04
0.000000e+00
0.000000e+00
0.000000e+00
0.000000e+00
0.000000e+00
1.159875e-04
0.000000e+00
0.000000e+00
0.000000e+00
0.000000e+00
0.000000e+00
1.092229e-04
0.000000e+00
0.000000e+00
0.000000e+00
0.000000e+00
0.000000e+00
1.026151e-04
0.000000e+00
0.000000e+00
0.000000e+00
0.000000e+00
0.000000e+00
9.672867e-05
0.000000e+00
0.000000e+00
0.000000e+00
0.000000e+00
0.000000e+00
9.082902e-05
0.000000e+00
0.000000e+00
0.000000e+00
0.000000e+00
0.000000e+00
8.585752e-05
0.000000e+00
0.000000e+00
0.000000e+00
0.000000e+00
0.000000e+00
8.045708e-05
0.000000e+00
0.000000e+00
0.000000e+00
0.000000e+00
0.000000e+00
7.593008e-05
0.000000e+00
0.000000e+00
0.000000e+00
0.000000e+00
0.000000e+00
7.135755e-05
0.000000e+00
0.000000e+00
0.000000e+00
0.000000e+00
0.000000e+00
6.711044e-05
0.000000e+00
0.000000e+00
0.000000e+00
0.000000e+00
0.000000e+00
6.339320e-05
0.000000e+00
0.000000e+00
0.000000e+00
0.000000e+00
0.000000e+00
5.950469e-05
0.000000e+00
0.000000e+00
0.000000e+00
0.000000e+00
0.000000e+00
5.600918e-05
0.000000e+00
0.000000e+00
0.000000e+00
0.000000e+00
0.000000e+00
5.277269e-05
0.000000e+00
0.000000e+00
0.000000e+00
0.000000e+00
0.000000e+00
4.957886e-05
0.000000e+00
0.000000e+00
0.000000e+00
0.000000e+00
0.000000e+00
4.672540e-05
0.000000e+00
0.000000e+00
0.000000e+00
0.000000e+00
0.000000e+00
4.399688e-05
0.000000e+00
0.000000e+00
0.000000e+00
0.000000e+00
0.000000e+00
4.129865e-05
0.000000e+00
0.000000e+00
0.000000e+00
0.000000e+00
0.000000e+00
3.907926e-05
0.000000e+00
0.000000e+00
0.000000e+00
0.000000e+00
0.000000e+00
3.660730e-05
0.000000e+00
0.000000e+00
0.000000e+00
0.000000e+00
0.000000e+00
3.441993e-05
0.000000e+00
0.000000e+00
0.000000e+00
0.000000e+00
0.000000e+00
3.257384e-05
0.000000e+00
0.000000e+00
0.000000e+00
0.000000e+00
0.000000e+00
5.197093e-04
0.000000e+00
0.000000e+00
0.000000e+00
0.000000e+00
