Stiffness Matrix: global_K_cond

               0           1           2           3           4           5           6           7           8           9          10          11          12          13          14          15          16          17          18          19          20          21          22          23          24          25          26          27          28          29          30          31          32          33          34          35          36          37          38          39
   0    3.00e+09    0.00e+00    0.00e+00    0.00e+00   -1.50e+09    0.00e+00    0.00e+00    0.00e+00    0.00e+00    0.00e+00    0.00e+00    0.00e+00    0.00e+00    0.00e+00    0.00e+00    0.00e+00    0.00e+00    0.00e+00    0.00e+00    0.00e+00    0.00e+00    0.00e+00    0.00e+00    0.00e+00    0.00e+00    0.00e+00    0.00e+00    0.00e+00    0.00e+00    0.00e+00    0.00e+00    0.00e+00    0.00e+00    0.00e+00    0.00e+00    0.00e+00    0.00e+00    0.00e+00    0.00e+00    0.00e+00
   1    0.00e+00    4.78e+07    0.00e+00    0.00e+00    0.00e+00   -2.39e+07    0.00e+00    0.00e+00    0.00e+00    0.00e+00    0.00e+00    0.00e+00    0.00e+00    0.00e+00    0.00e+00    0.00e+00    0.00e+00    0.00e+00    0.00e+00    0.00e+00    0.00e+00    0.00e+00    0.00e+00    0.00e+00    0.00e+00    0.00e+00    0.00e+00    0.00e+00    0.00e+00    0.00e+00    0.00e+00    0.00e+00    0.00e+00    0.00e+00    0.00e+00    0.00e+00    0.00e+00    0.00e+00    0.00e+00    0.00e+00
   2    0.00e+00    0.00e+00    4.80e+08    0.00e+00    0.00e+00    0.00e+00   -2.40e+08    0.00e+00    0.00e+00    0.00e+00    0.00e+00    0.00e+00    0.00e+00    0.00e+00    0.00e+00    0.00e+00    0.00e+00    0.00e+00    0.00e+00    0.00e+00    0.00e+00    0.00e+00    0.00e+00    0.00e+00    0.00e+00    0.00e+00    0.00e+00    0.00e+00    0.00e+00    0.00e+00    0.00e+00    0.00e+00    0.00e+00    0.00e+00    0.00e+00    0.00e+00    0.00e+00    0.00e+00    0.00e+00    0.00e+00
   3    0.00e+00    0.00e+00    0.00e+00    6.40e+06    0.00e+00    0.00e+00    0.00e+00   -3.20e+06    0.00e+00    0.00e+00    0.00e+00    0.00e+00    0.00e+00    0.00e+00    0.00e+00    0.00e+00    0.00e+00    0.00e+00    0.00e+00    0.00e+00    0.00e+00    0.00e+00    0.00e+00    0.00e+00    0.00e+00    0.00e+00    0.00e+00    0.00e+00    0.00e+00    0.00e+00    0.00e+00    0.00e+00    0.00e+00    0.00e+00    0.00e+00    0.00e+00    0.00e+00    0.00e+00    0.00e+00    0.00e+00
   4   -1.50e+09    0.00e+00    0.00e+00    0.00e+00    3.00e+09    0.00e+00    0.00e+00    0.00e+00   -1.50e+09    0.00e+00    0.00e+00    0.00e+00    0.00e+00    0.00e+00    0.00e+00    0.00e+00    0.00e+00    0.00e+00    0.00e+00    0.00e+00    0.00e+00    0.00e+00    0.00e+00    0.00e+00    0.00e+00    0.00e+00    0.00e+00    0.00e+00    0.00e+00    0.00e+00    0.00e+00    0.00e+00    0.00e+00    0.00e+00    0.00e+00    0.00e+00    0.00e+00    0.00e+00    0.00e+00    0.00e+00
   5    0.00e+00   -2.39e+07    0.00e+00    0.00e+00    0.00e+00    4.78e+07    0.00e+00    0.00e+00    0.00e+00   -2.39e+07    0.00e+00    0.00e+00    0.00e+00    0.00e+00    0.00e+00    0.00e+00    0.00e+00    0.00e+00    0.00e+00    0.00e+00    0.00e+00    0.00e+00    0.00e+00    0.00e+00    0.00e+00    0.00e+00    0.00e+00    0.00e+00    0.00e+00    0.00e+00    0.00e+00    0.00e+00    0.00e+00    0.00e+00    0.00e+00    0.00e+00    0.00e+00    0.00e+00    0.00e+00    0.00e+00
   6    0.00e+00    0.00e+00   -2.40e+08    0.00e+00    0.00e+00    0.00e+00    4.80e+08    0.00e+00    0.00e+00    0.00e+00   -2.40e+08    0.00e+00    0.00e+00    0.00e+00    0.00e+00    0.00e+00    0.00e+00    0.00e+00    0.00e+00    0.00e+00    0.00e+00    0.00e+00    0.00e+00    0.00e+00    0.00e+00    0.00e+00    0.00e+00    0.00e+00    0.00e+00    0.00e+00    0.00e+00    0.00e+00    0.00e+00    0.00e+00    0.00e+00    0.00e+00    0.00e+00    0.00e+00    0.00e+00    0.00e+00
   7    0.00e+00    0.00e+00    0.00e+00   -3.20e+06    0.00e+00    0.00e+00    0.00e+00    6.40e+06    0.00e+00    0.00e+00    0.00e+00   -3.20e+06    0.00e+00    0.00e+00    0.00e+00    0.00e+00    0.00e+00    0.00e+00    0.00e+00    0.00e+00    0.00e+00    0.00e+00    0.00e+00    0.00e+00    0.00e+00    0.00e+00    0.00e+00    0.00e+00    0.00e+00    0.00e+00    0.00e+00    0.00e+00    0.00e+00    0.00e+00    0.00e+00    0.00e+00    0.00e+00    0.00e+00    0.00e+00    0.00e+00
   8    0.00e+00    0.00e+00    0.00e+00    0.00e+00   -1.50e+09    0.00e+00    0.00e+00    0.00e+00    3.00e+09    0.00e+00    0.00e+00    0.00e+00   -1.50e+09    0.00e+00    0.00e+00    0.00e+00    0.00e+00    0.00e+00    0.00e+00    0.00e+00    0.00e+00    0.00e+00    0.00e+00    0.00e+00    0.00e+00    0.00e+00    0.00e+00    0.00e+00    0.00e+00    0.00e+00    0.00e+00    0.00e+00    0.00e+00    0.00e+00    0.00e+00    0.00e+00    0.00e+00    0.00e+00    0.00e+00    0.00e+00
   9    0.00e+00    0.00e+00    0.00e+00    0.00e+00    0.00e+00   -2.39e+07    0.00e+00    0.00e+00    0.00e+00    4.78e+07    0.00e+00    0.00e+00    0.00e+00   -2.39e+07    0.00e+00    0.00e+00    0.00e+00    0.00e+00    0.00e+00    0.00e+00    0.00e+00    0.00e+00    0.00e+00    0.00e+00    0.00e+00    0.00e+00    0.00e+00    0.00e+00    0.00e+00    0.00e+00    0.00e+00    0.00e+00    0.00e+00    0.00e+00    0.00e+00    0.00e+00    0.00e+00    0.00e+00    0.00e+00    0.00e+00
  10    0.00e+00    0.00e+00    0.00e+00    0.00e+00    0.00e+00    0.00e+00   -2.40e+08    0.00e+00    0.00e+00    0.00e+00    4.80e+08    0.00e+00    0.00e+00    0.00e+00   -2.40e+08    0.00e+00    0.00e+00    0.00e+00    0.00e+00    0.00e+00    0.00e+00    0.00e+00    0.00e+00    0.00e+00    0.00e+00    0.00e+00    0.00e+00    0.00e+00    0.00e+00    0.00e+00    0.00e+00    0.00e+00    0.00e+00    0.00e+00    0.00e+00    0.00e+00    0.00e+00    0.00e+00    0.00e+00    0.00e+00
  11    0.00e+00    0.00e+00    0.00e+00    0.00e+00    0.00e+00    0.00e+00    0.00e+00   -3.20e+06    0.00e+00    0.00e+00    0.00e+00    6.40e+06    0.00e+00    0.00e+00    0.00e+00   -3.20e+06    0.00e+00    0.00e+00    0.00e+00    0.00e+00    0.00e+00    0.00e+00    0.00e+00    0.00e+00    0.00e+00    0.00e+00    0.00e+00    0.00e+00    0.00e+00    0.00e+00    0.00e+00    0.00e+00    0.00e+00    0.00e+00    0.00e+00    0.00e+00    0.00e+00    0.00e+00    0.00e+00    0.00e+00
  12    0.00e+00    0.00e+00    0.00e+00    0.00e+00    0.00e+00    0.00e+00    0.00e+00    0.00e+00   -1.50e+09    0.00e+00    0.00e+00    0.00e+00    3.00e+09    0.00e+00    0.00e+00    0.00e+00   -1.50e+09    0.00e+00    0.00e+00    0.00e+00    0.00e+00    0.00e+00    0.00e+00    0.00e+00    0.00e+00    0.00e+00    0.00e+00    0.00e+00    0.00e+00    0.00e+00    0.00e+00    0.00e+00    0.00e+00    0.00e+00    0.00e+00    0.00e+00    0.00e+00    0.00e+00    0.00e+00    0.00e+00
  13    0.00e+00    0.00e+00    0.00e+00    0.00e+00    0.00e+00    0.00e+00    0.00e+00    0.00e+00    0.00e+00   -2.39e+07    0.00e+00    0.00e+00    0.00e+00    4.78e+07    0.00e+00    0.00e+00    0.00e+00   -2.39e+07    0.00e+00    0.00e+00    0.00e+00    0.00e+00    0.00e+00    0.00e+00    0.00e+00    0.00e+00    0.00e+00    0.00e+00    0.00e+00    0.00e+00    0.00e+00    0.00e+00    0.00e+00    0.00e+00    0.00e+00    0.00e+00    0.00e+00    0.00e+00    0.00e+00    0.00e+00
  14    0.00e+00    0.00e+00    0.00e+00    0.00e+00    0.00e+00    0.00e+00    0.00e+00    0.00e+00    0.00e+00    0.00e+00   -2.40e+08    0.00e+00    0.00e+00    0.00e+00    4.80e+08    0.00e+00    0.00e+00    0.00e+00   -2.40e+08    0.00e+00    0.00e+00    0.00e+00    0.00e+00    0.00e+00    0.00e+00    0.00e+00    0.00e+00    0.00e+00    0.00e+00    0.00e+00    0.00e+00    0.00e+00    0.00e+00    0.00e+00    0.00e+00    0.00e+00    0.00e+00    0.00e+00    0.00e+00    0.00e+00
  15    0.00e+00    0.00e+00    0.00e+00    0.00e+00    0.00e+00    0.00e+00    0.00e+00    0.00e+00    0.00e+00    0.00e+00    0.00e+00   -3.20e+06    0.00e+00    0.00e+00    0.00e+00    6.40e+06    0.00e+00    0.00e+00    0.00e+00   -3.20e+06    0.00e+00    0.00e+00    0.00e+00    0.00e+00    0.00e+00    0.00e+00    0.00e+00    0.00e+00    0.00e+00    0.00e+00    0.00e+00    0.00e+00    0.00e+00    0.00e+00    0.00e+00    0.00e+00    0.00e+00    0.00e+00    0.00e+00    0.00e+00
  16    0.00e+00    0.00e+00    0.00e+00    0.00e+00    0.00e+00    0.00e+00    0.00e+00    0.00e+00    0.00e+00    0.00e+00    0.00e+00    0.00e+00   -1.50e+09    0.00e+00    0.00e+00    0.00e+00    3.00e+09    0.00e+00    0.00e+00    0.00e+00   -1.50e+09    0.00e+00    0.00e+00    0.00e+00    0.00e+00    0.00e+00    0.00e+00    0.00e+00    0.00e+00    0.00e+00    0.00e+00    0.00e+00    0.00e+00    0.00e+00    0.00e+00    0.00e+00    0.00e+00    0.00e+00    0.00e+00    0.00e+00
  17    0.00e+00    0.00e+00    0.00e+00    0.00e+00    0.00e+00    0.00e+00    0.00e+00    0.00e+00    0.00e+00    0.00e+00    0.00e+00    0.00e+00    0.00e+00   -2.39e+07    0.00e+00    0.00e+00    0.00e+00    4.78e+07    0.00e+00    0.00e+00    0.00e+00   -2.39e+07    0.00e+00    0.00e+00    0.00e+00    0.00e+00    0.00e+00    0.00e+00    0.00e+00    0.00e+00    0.00e+00    0.00e+00    0.00e+00    0.00e+00    0.00e+00    0.00e+00    0.00e+00    0.00e+00    0.00e+00    0.00e+00
  18    0.00e+00    0.00e+00    0.00e+00    0.00e+00    0.00e+00    0.00e+00    0.00e+00    0.00e+00    0.00e+00    0.00e+00    0.00e+00    0.00e+00    0.00e+00    0.00e+00   -2.40e+08    0.00e+00    0.00e+00    0.00e+00    4.80e+08    0.00e+00    0.00e+00    0.00e+00   -2.40e+08    0.00e+00    0.00e+00    0.00e+00    0.00e+00    0.00e+00    0.00e+00    0.00e+00    0.00e+00    0.00e+00    0.00e+00    0.00e+00    0.00e+00    0.00e+00    0.00e+00    0.00e+00    0.00e+00    0.00e+00
  19    0.00e+00    0.00e+00    0.00e+00    0.00e+00    0.00e+00    0.00e+00    0.00e+00    0.00e+00    0.00e+00    0.00e+00    0.00e+00    0.00e+00    0.00e+00    0.00e+00    0.00e+00   -3.20e+06    0.00e+00    0.00e+00    0.00e+00    6.40e+06    0.00e+00    0.00e+00    0.00e+00   -3.20e+06    0.00e+00    0.00e+00    0.00e+00    0.00e+00    0.00e+00    0.00e+00    0.00e+00    0.00e+00    0.00e+00    0.00e+00    0.00e+00    0.00e+00    0.00e+00    0.00e+00    0.00e+00    0.00e+00
  20    0.00e+00    0.00e+00    0.00e+00    0.00e+00    0.00e+00    0.00e+00    0.00e+00    0.00e+00    0.00e+00    0.00e+00    0.00e+00    0.00e+00    0.00e+00    0.00e+00    0.00e+00    0.00e+00   -1.50e+09    0.00e+00    0.00e+00    0.00e+00    3.00e+09    0.00e+00    0.00e+00    0.00e+00   -1.50e+09    0.00e+00    0.00e+00    0.00e+00    0.00e+00    0.00e+00    0.00e+00    0.00e+00    0.00e+00    0.00e+00    0.00e+00    0.00e+00    0.00e+00    0.00e+00    0.00e+00    0.00e+00
  21    0.00e+00    0.00e+00    0.00e+00    0.00e+00    0.00e+00    0.00e+00    0.00e+00    0.00e+00    0.00e+00    0.00e+00    0.00e+00    0.00e+00    0.00e+00    0.00e+00    0.00e+00    0.00e+00    0.00e+00   -2.39e+07    0.00e+00    0.00e+00    0.00e+00    4.78e+07    0.00e+00    0.00e+00    0.00e+00   -2.39e+07    0.00e+00    0.00e+00    0.00e+00    0.00e+00    0.00e+00    0.00e+00    0.00e+00    0.00e+00    0.00e+00    0.00e+00    0.00e+00    0.00e+00    0.00e+00    0.00e+00
  22    0.00e+00    0.00e+00    0.00e+00    0.00e+00    0.00e+00    0.00e+00    0.00e+00    0.00e+00    0.00e+00    0.00e+00    0.00e+00    0.00e+00    0.00e+00    0.00e+00    0.00e+00    0.00e+00    0.00e+00    0.00e+00   -2.40e+08    0.00e+00    0.00e+00    0.00e+00    4.80e+08    0.00e+00    0.00e+00    0.00e+00   -2.40e+08    0.00e+00    0.00e+00    0.00e+00    0.00e+00    0.00e+00    0.00e+00    0.00e+00    0.00e+00    0.00e+00    0.00e+00    0.00e+00    0.00e+00    0.00e+00
  23    0.00e+00    0.00e+00    0.00e+00    0.00e+00    0.00e+00    0.00e+00    0.00e+00    0.00e+00    0.00e+00    0.00e+00    0.00e+00    0.00e+00    0.00e+00    0.00e+00    0.00e+00    0.00e+00    0.00e+00    0.00e+00    0.00e+00   -3.20e+06    0.00e+00    0.00e+00    0.00e+00    6.40e+06    0.00e+00    0.00e+00    0.00e+00   -3.20e+06    0.00e+00    0.00e+00    0.00e+00    0.00e+00    0.00e+00    0.00e+00    0.00e+00    0.00e+00    0.00e+00    0.00e+00    0.00e+00    0.00e+00
  24    0.00e+00    0.00e+00    0.00e+00    0.00e+00    0.00e+00    0.00e+00    0.00e+00    0.00e+00    0.00e+00    0.00e+00    0.00e+00    0.00e+00    0.00e+00    0.00e+00    0.00e+00    0.00e+00    0.00e+00    0.00e+00    0.00e+00    0.00e+00   -1.50e+09    0.00e+00    0.00e+00    0.00e+00    3.00e+09    0.00e+00    0.00e+00    0.00e+00   -1.50e+09    0.00e+00    0.00e+00    0.00e+00    0.00e+00    0.00e+00    0.00e+00    0.00e+00    0.00e+00    0.00e+00    0.00e+00    0.00e+00
  25    0.00e+00    0.00e+00    0.00e+00    0.00e+00    0.00e+00    0.00e+00    0.00e+00    0.00e+00    0.00e+00    0.00e+00    0.00e+00    0.00e+00    0.00e+00    0.00e+00    0.00e+00    0.00e+00    0.00e+00    0.00e+00    0.00e+00    0.00e+00    0.00e+00   -2.39e+07    0.00e+00    0.00e+00    0.00e+00    4.78e+07    0.00e+00    0.00e+00    0.00e+00   -2.39e+07    0.00e+00    0.00e+00    0.00e+00    0.00e+00    0.00e+00    0.00e+00    0.00e+00    0.00e+00    0.00e+00    0.00e+00
  26    0.00e+00    0.00e+00    0.00e+00    0.00e+00    0.00e+00    0.00e+00    0.00e+00    0.00e+00    0.00e+00    0.00e+00    0.00e+00    0.00e+00    0.00e+00    0.00e+00    0.00e+00    0.00e+00    0.00e+00    0.00e+00    0.00e+00    0.00e+00    0.00e+00    0.00e+00   -2.40e+08    0.00e+00    0.00e+00    0.00e+00    4.80e+08    0.00e+00    0.00e+00    0.00e+00   -2.40e+08    0.00e+00    0.00e+00    0.00e+00    0.00e+00    0.00e+00    0.00e+00    0.00e+00    0.00e+00    0.00e+00
  27    0.00e+00    0.00e+00    0.00e+00    0.00e+00    0.00e+00    0.00e+00    0.00e+00    0.00e+00    0.00e+00    0.00e+00    0.00e+00    0.00e+00    0.00e+00    0.00e+00    0.00e+00    0.00e+00    0.00e+00    0.00e+00    0.00e+00    0.00e+00    0.00e+00    0.00e+00    0.00e+00   -3.20e+06    0.00e+00    0.00e+00    0.00e+00    6.40e+06    0.00e+00    0.00e+00    0.00e+00   -3.20e+06    0.00e+00    0.00e+00    0.00e+00    0.00e+00    0.00e+00    0.00e+00    0.00e+00    0.00e+00
  28    0.00e+00    0.00e+00    0.00e+00    0.00e+00    0.00e+00    0.00e+00    0.00e+00    0.00e+00    0.00e+00    0.00e+00    0.00e+00    0.00e+00    0.00e+00    0.00e+00    0.00e+00    0.00e+00    0.00e+00    0.00e+00    0.00e+00    0.00e+00    0.00e+00    0.00e+00    0.00e+00    0.00e+00   -1.50e+09    0.00e+00    0.00e+00    0.00e+00    3.00e+09    0.00e+00    0.00e+00    0.00e+00   -1.50e+09    0.00e+00    0.00e+00    0.00e+00    0.00e+00    0.00e+00    0.00e+00    0.00e+00
  29    0.00e+00    0.00e+00    0.00e+00    0.00e+00    0.00e+00    0.00e+00    0.00e+00    0.00e+00    0.00e+00    0.00e+00    0.00e+00    0.00e+00    0.00e+00    0.00e+00    0.00e+00    0.00e+00    0.00e+00    0.00e+00    0.00e+00    0.00e+00    0.00e+00    0.00e+00    0.00e+00    0.00e+00    0.00e+00   -2.39e+07    0.00e+00    0.00e+00    0.00e+00    4.78e+07    0.00e+00    0.00e+00    0.00e+00   -2.39e+07    0.00e+00    0.00e+00    0.00e+00    0.00e+00    0.00e+00    0.00e+00
  30    0.00e+00    0.00e+00    0.00e+00    0.00e+00    0.00e+00    0.00e+00    0.00e+00    0.00e+00    0.00e+00    0.00e+00    0.00e+00    0.00e+00    0.00e+00    0.00e+00    0.00e+00    0.00e+00    0.00e+00    0.00e+00    0.00e+00    0.00e+00    0.00e+00    0.00e+00    0.00e+00    0.00e+00    0.00e+00    0.00e+00   -2.40e+08    0.00e+00    0.00e+00    0.00e+00    4.80e+08    0.00e+00    0.00e+00    0.00e+00   -2.40e+08    0.00e+00    0.00e+00    0.00e+00    0.00e+00    0.00e+00
  31    0.00e+00    0.00e+00    0.00e+00    0.00e+00    0.00e+00    0.00e+00    0.00e+00    0.00e+00    0.00e+00    0.00e+00    0.00e+00    0.00e+00    0.00e+00    0.00e+00    0.00e+00    0.00e+00    0.00e+00    0.00e+00    0.00e+00    0.00e+00    0.00e+00    0.00e+00    0.00e+00    0.00e+00    0.00e+00    0.00e+00    0.00e+00   -3.20e+06    0.00e+00    0.00e+00    0.00e+00    6.40e+06    0.00e+00    0.00e+00    0.00e+00   -3.20e+06    0.00e+00    0.00e+00    0.00e+00    0.00e+00
  32    0.00e+00    0.00e+00    0.00e+00    0.00e+00    0.00e+00    0.00e+00    0.00e+00    0.00e+00    0.00e+00    0.00e+00    0.00e+00    0.00e+00    0.00e+00    0.00e+00    0.00e+00    0.00e+00    0.00e+00    0.00e+00    0.00e+00    0.00e+00    0.00e+00    0.00e+00    0.00e+00    0.00e+00    0.00e+00    0.00e+00    0.00e+00    0.00e+00   -1.50e+09    0.00e+00    0.00e+00    0.00e+00    3.00e+09    0.00e+00    0.00e+00    0.00e+00   -1.50e+09    0.00e+00    0.00e+00    0.00e+00
  33    0.00e+00    0.00e+00    0.00e+00    0.00e+00    0.00e+00    0.00e+00    0.00e+00    0.00e+00    0.00e+00    0.00e+00    0.00e+00    0.00e+00    0.00e+00    0.00e+00    0.00e+00    0.00e+00    0.00e+00    0.00e+00    0.00e+00    0.00e+00    0.00e+00    0.00e+00    0.00e+00    0.00e+00    0.00e+00    0.00e+00    0.00e+00    0.00e+00    0.00e+00   -2.39e+07    0.00e+00    0.00e+00    0.00e+00    4.78e+07    0.00e+00    0.00e+00    0.00e+00   -2.39e+07    0.00e+00    0.00e+00
  34    0.00e+00    0.00e+00    0.00e+00    0.00e+00    0.00e+00    0.00e+00    0.00e+00    0.00e+00    0.00e+00    0.00e+00    0.00e+00    0.00e+00    0.00e+00    0.00e+00    0.00e+00    0.00e+00    0.00e+00    0.00e+00    0.00e+00    0.00e+00    0.00e+00    0.00e+00    0.00e+00    0.00e+00    0.00e+00    0.00e+00    0.00e+00    0.00e+00    0.00e+00    0.00e+00   -2.40e+08    0.00e+00    0.00e+00    0.00e+00    4.80e+08    0.00e+00    0.00e+00    0.00e+00   -2.40e+08    0.00e+00
  35    0.00e+00    0.00e+00    0.00e+00    0.00e+00    0.00e+00    0.00e+00    0.00e+00    0.00e+00    0.00e+00    0.00e+00    0.00e+00    0.00e+00    0.00e+00    0.00e+00    0.00e+00    0.00e+00    0.00e+00    0.00e+00    0.00e+00    0.00e+00    0.00e+00    0.00e+00    0.00e+00    0.00e+00    0.00e+00    0.00e+00    0.00e+00    0.00e+00    0.00e+00    0.00e+00    0.00e+00   -3.20e+06    0.00e+00    0.00e+00    0.00e+00    6.40e+06    0.00e+00    0.00e+00    0.00e+00   -3.20e+06
  36    0.00e+00    0.00e+00    0.00e+00    0.00e+00    0.00e+00    0.00e+00    0.00e+00    0.00e+00    0.00e+00    0.00e+00    0.00e+00    0.00e+00    0.00e+00    0.00e+00    0.00e+00    0.00e+00    0.00e+00    0.00e+00    0.00e+00    0.00e+00    0.00e+00    0.00e+00    0.00e+00    0.00e+00    0.00e+00    0.00e+00    0.00e+00    0.00e+00    0.00e+00    0.00e+00    0.00e+00    0.00e+00   -1.50e+09    0.00e+00    0.00e+00    0.00e+00    1.50e+09    0.00e+00    0.00e+00    0.00e+00
  37    0.00e+00    0.00e+00    0.00e+00    0.00e+00    0.00e+00    0.00e+00    0.00e+00    0.00e+00    0.00e+00    0.00e+00    0.00e+00    0.00e+00    0.00e+00    0.00e+00    0.00e+00    0.00e+00    0.00e+00    0.00e+00    0.00e+00    0.00e+00    0.00e+00    0.00e+00    0.00e+00    0.00e+00    0.00e+00    0.00e+00    0.00e+00    0.00e+00    0.00e+00    0.00e+00    0.00e+00    0.00e+00    0.00e+00   -2.39e+07    0.00e+00    0.00e+00    0.00e+00    2.39e+07    0.00e+00    0.00e+00
  38    0.00e+00    0.00e+00    0.00e+00    0.00e+00    0.00e+00    0.00e+00    0.00e+00    0.00e+00    0.00e+00    0.00e+00    0.00e+00    0.00e+00    0.00e+00    0.00e+00    0.00e+00    0.00e+00    0.00e+00    0.00e+00    0.00e+00    0.00e+00    0.00e+00    0.00e+00    0.00e+00    0.00e+00    0.00e+00    0.00e+00    0.00e+00    0.00e+00    0.00e+00    0.00e+00    0.00e+00    0.00e+00    0.00e+00    0.00e+00   -2.40e+08    0.00e+00    0.00e+00    0.00e+00    2.40e+08    0.00e+00
  39    0.00e+00    0.00e+00    0.00e+00    0.00e+00    0.00e+00    0.00e+00    0.00e+00    0.00e+00    0.00e+00    0.00e+00    0.00e+00    0.00e+00    0.00e+00    0.00e+00    0.00e+00    0.00e+00    0.00e+00    0.00e+00    0.00e+00    0.00e+00    0.00e+00    0.00e+00    0.00e+00    0.00e+00    0.00e+00    0.00e+00    0.00e+00    0.00e+00    0.00e+00    0.00e+00    0.00e+00    0.00e+00    0.00e+00    0.00e+00    0.00e+00   -3.20e+06    0.00e+00    0.00e+00    0.00e+00    3.20e+06
