# Static simulation
# Job: job_0005
# Scale: global
# Data key: R_cond
# Timestamp (runner starts): 2025-03-02_19-34-32
# Data:
0.000000e+00
-3.135842e-04
0.000000e+00
0.000000e+00
0.000000e+00
0.000000e+00
0.000000e+00
-6.271683e-04
0.000000e+00
0.000000e+00
0.000000e+00
0.000000e+00
0.000000e+00
-9.407521e-04
0.000000e+00
0.000000e+00
0.000000e+00
0.000000e+00
0.000000e+00
-1.576494e-03
0.000000e+00
0.000000e+00
0.000000e+00
0.000000e+00
0.000000e+00
1.915286e-03
0.000000e+00
0.000000e+00
0.000000e+00
0.000000e+00
0.000000e+00
1.676099e-04
0.000000e+00
0.000000e+00
0.000000e+00
0.000000e+00
0.000000e+00
1.466792e-05
0.000000e+00
0.000000e+00
0.000000e+00
0.000000e+00
0.000000e+00
1.283594e-06
0.000000e+00
0.000000e+00
0.000000e+00
0.000000e+00
0.000000e+00
1.132214e-07
0.000000e+00
0.000000e+00
0.000000e+00
0.000000e+00
0.000000e+00
2.054946e-08
0.000000e+00
0.000000e+00
0.000000e+00
0.000000e+00
