# Load Type: UDL (Constant)
# Load Formula: q(x) = w
[Distributed load]
         [x]          [y]          [z]        [F_x]        [F_y]        [F_z]        [M_x]        [M_y]        [M_z]
    0.000000     0.000000     0.000000     0.000000 -1000.000000     0.000000     0.000000     0.000000     0.000000
    0.275862     0.000000     0.000000     0.000000 -1000.000000     0.000000     0.000000     0.000000     0.000000
    0.551724     0.000000     0.000000     0.000000 -1000.000000     0.000000     0.000000     0.000000     0.000000
    0.827586     0.000000     0.000000     0.000000 -1000.000000     0.000000     0.000000     0.000000     0.000000
    1.103448     0.000000     0.000000     0.000000 -1000.000000     0.000000     0.000000     0.000000     0.000000
    1.379310     0.000000     0.000000     0.000000 -1000.000000     0.000000     0.000000     0.000000     0.000000
    1.655172     0.000000     0.000000     0.000000 -1000.000000     0.000000     0.000000     0.000000     0.000000
    1.931034     0.000000     0.000000     0.000000 -1000.000000     0.000000     0.000000     0.000000     0.000000
    2.206897     0.000000     0.000000     0.000000 -1000.000000     0.000000     0.000000     0.000000     0.000000
    2.482759     0.000000     0.000000     0.000000 -1000.000000     0.000000     0.000000     0.000000     0.000000
    2.758621     0.000000     0.000000     0.000000 -1000.000000     0.000000     0.000000     0.000000     0.000000
    3.034483     0.000000     0.000000     0.000000 -1000.000000     0.000000     0.000000     0.000000     0.000000
    3.310345     0.000000     0.000000     0.000000 -1000.000000     0.000000     0.000000     0.000000     0.000000
    3.586207     0.000000     0.000000     0.000000 -1000.000000     0.000000     0.000000     0.000000     0.000000
    3.862069     0.000000     0.000000     0.000000 -1000.000000     0.000000     0.000000     0.000000     0.000000
    4.137931     0.000000     0.000000     0.000000 -1000.000000     0.000000     0.000000     0.000000     0.000000
    4.413793     0.000000     0.000000     0.000000 -1000.000000     0.000000     0.000000     0.000000     0.000000
    4.689655     0.000000     0.000000     0.000000 -1000.000000     0.000000     0.000000     0.000000     0.000000
    4.965517     0.000000     0.000000     0.000000 -1000.000000     0.000000     0.000000     0.000000     0.000000
    5.241379     0.000000     0.000000     0.000000 -1000.000000     0.000000     0.000000     0.000000     0.000000
    5.517241     0.000000     0.000000     0.000000 -1000.000000     0.000000     0.000000     0.000000     0.000000
    5.793103     0.000000     0.000000     0.000000 -1000.000000     0.000000     0.000000     0.000000     0.000000
    6.068966     0.000000     0.000000     0.000000 -1000.000000     0.000000     0.000000     0.000000     0.000000
    6.344828     0.000000     0.000000     0.000000 -1000.000000     0.000000     0.000000     0.000000     0.000000
    6.620690     0.000000     0.000000     0.000000 -1000.000000     0.000000     0.000000     0.000000     0.000000
    6.896552     0.000000     0.000000     0.000000 -1000.000000     0.000000     0.000000     0.000000     0.000000
    7.172414     0.000000     0.000000     0.000000 -1000.000000     0.000000     0.000000     0.000000     0.000000
    7.448276     0.000000     0.000000     0.000000 -1000.000000     0.000000     0.000000     0.000000     0.000000
    7.724138     0.000000     0.000000     0.000000 -1000.000000     0.000000     0.000000     0.000000     0.000000
    8.000000     0.000000     0.000000     0.000000 -1000.000000     0.000000     0.000000     0.000000     0.000000