# Static simulation
# Job: job_0003
# Scale: global
# Data key: R_cond
# Timestamp (runner starts): 2025-04-07_13-53-56
# Data:
0.000000e+00
0.000000e+00
0.000000e+00
0.000000e+00
0.000000e+00
1.164153e-10
0.000000e+00
-5.587935e-09
0.000000e+00
0.000000e+00
0.000000e+00
-3.492460e-10
0.000000e+00
-1.117587e-08
0.000000e+00
0.000000e+00
0.000000e+00
-2.328306e-10
0.000000e+00
2.421439e-08
0.000000e+00
0.000000e+00
0.000000e+00
0.000000e+00
0.000000e+00
0.000000e+00
0.000000e+00
0.000000e+00
0.000000e+00
-5.820766e-10
0.000000e+00
3.166497e-08
0.000000e+00
0.000000e+00
0.000000e+00
-1.164153e-10
0.000000e+00
-1.862645e-08
0.000000e+00
0.000000e+00
0.000000e+00
1.164153e-09
0.000000e+00
-6.332994e-08
0.000000e+00
0.000000e+00
0.000000e+00
1.629815e-09
0.000000e+00
-1.136214e-07
0.000000e+00
0.000000e+00
0.000000e+00
-3.492460e-09
0.000000e+00
8.381903e-08
0.000000e+00
0.000000e+00
0.000000e+00
-2.037268e-09
