# Static simulation
# Job: job_0003
# Scale: global
# Data key: R_cond
# Timestamp (runner starts): 2025-04-11_19-52-49
# Data:
0.000000e+00
0.000000e+00
0.000000e+00
0.000000e+00
0.000000e+00
-1.862645e-09
0.000000e+00
-1.862645e-09
0.000000e+00
0.000000e+00
0.000000e+00
9.313226e-10
0.000000e+00
-3.725290e-09
0.000000e+00
0.000000e+00
0.000000e+00
-9.313226e-10
0.000000e+00
5.587935e-09
0.000000e+00
0.000000e+00
0.000000e+00
-1.955777e-08
0.000000e+00
1.490116e-08
0.000000e+00
0.000000e+00
0.000000e+00
1.583248e-08
0.000000e+00
1.676381e-08
0.000000e+00
0.000000e+00
0.000000e+00
6.519258e-09
0.000000e+00
-1.862645e-08
0.000000e+00
0.000000e+00
0.000000e+00
-4.656613e-09
0.000000e+00
3.725290e-09
0.000000e+00
0.000000e+00
0.000000e+00
-1.303852e-08
0.000000e+00
-1.303852e-08
0.000000e+00
0.000000e+00
0.000000e+00
4.656613e-08
0.000000e+00
-1.676381e-08
0.000000e+00
0.000000e+00
0.000000e+00
-1.490116e-08
