# Static simulation
# Job: job_0003
# Scale: global
# Data key: U_cond
# Timestamp (runner starts): 2025-04-11_19-52-49
# Data:
0.000000e+00
-2.702927e-11
0.000000e+00
0.000000e+00
0.000000e+00
-6.237525e-11
0.000000e+00
-9.772122e-11
0.000000e+00
0.000000e+00
0.000000e+00
-8.108782e-11
0.000000e+00
-1.788090e-10
0.000000e+00
0.000000e+00
0.000000e+00
-8.108782e-11
0.000000e+00
-2.598969e-10
0.000000e+00
0.000000e+00
0.000000e+00
-8.108782e-11
0.000000e+00
-3.409847e-10
0.000000e+00
0.000000e+00
0.000000e+00
-8.108782e-11
0.000000e+00
-4.220725e-10
0.000000e+00
0.000000e+00
0.000000e+00
-8.108782e-11
0.000000e+00
-5.031603e-10
0.000000e+00
0.000000e+00
0.000000e+00
-8.108782e-11
0.000000e+00
-5.842482e-10
0.000000e+00
0.000000e+00
0.000000e+00
-8.108782e-11
0.000000e+00
-6.653360e-10
0.000000e+00
0.000000e+00
0.000000e+00
-8.108782e-11
0.000000e+00
-7.464238e-10
-0.000000e+00
0.000000e+00
0.000000e+00
-8.108782e-11
