# Static simulation
# Job: job_0004
# Scale: global
# Data key: R_cond
# Timestamp (runner starts): 2025-03-02_19-34-32
# Data:
0.000000e+00
1.538596e-07
0.000000e+00
0.000000e+00
0.000000e+00
0.000000e+00
0.000000e+00
1.225518e-06
0.000000e+00
0.000000e+00
0.000000e+00
0.000000e+00
0.000000e+00
1.374403e-05
0.000000e+00
0.000000e+00
0.000000e+00
0.000000e+00
0.000000e+00
2.338313e-05
0.000000e+00
0.000000e+00
0.000000e+00
0.000000e+00
0.000000e+00
-1.911824e-06
0.000000e+00
0.000000e+00
0.000000e+00
0.000000e+00
0.000000e+00
-2.485372e-05
0.000000e+00
0.000000e+00
0.000000e+00
0.000000e+00
0.000000e+00
-1.191151e-05
0.000000e+00
0.000000e+00
0.000000e+00
0.000000e+00
0.000000e+00
7.769484e-08
0.000000e+00
0.000000e+00
0.000000e+00
0.000000e+00
0.000000e+00
6.200298e-08
0.000000e+00
0.000000e+00
0.000000e+00
0.000000e+00
0.000000e+00
6.162031e-08
0.000000e+00
0.000000e+00
0.000000e+00
0.000000e+00
