# Static simulation
# Job: job_0002
# Scale: global
# Data key: force_vector
# Timestamp (runner starts): 2025-02-18_19-06-54
# Data:
0.015914
0.013905
0.000000
0.000000
0.000000
-5.313491
0.014134
0.001750
0.000000
0.000000
0.000000
-21.782135
0.008973
-0.000598
0.000000
0.000000
0.000000
-32.084607
0.024296
-0.001014
0.000000
0.000000
0.000000
-43.012784
0.039251
-0.002244
0.000000
0.000000
0.000000
-55.258717
0.048090
0.000134
0.000000
0.000000
0.000000
-67.717474
0.049022
-0.001397
0.000000
0.000000
0.000000
-81.248498
0.047230
-0.001488
0.000000
0.000000
0.000000
-95.130671
0.045342
-0.001667
0.000000
0.000000
0.000000
-110.026950
0.042617
-0.001337
0.000000
0.000000
0.000000
-124.600533
0.039518
-0.001219
0.000000
0.000000
0.000000
-138.127909
0.036644
-0.000726
0.000000
0.000000
0.000000
-151.439838
0.034192
-0.000794
0.000000
0.000000
0.000000
-165.111669
0.031924
-0.000372
0.000000
0.000000
0.000000
-179.095335
0.029847
-0.000351
0.000000
0.000000
0.000000
-192.781992
0.027918
-0.000456
0.000000
0.000000
0.000000
-206.166971
0.025830
-0.001133
0.000000
0.000000
0.000000
-219.574370
0.024011
-0.000603
0.000000
0.000000
0.000000
-230.737659
0.022324
0.000232
0.000000
0.000000
0.000000
-240.525972
0.020624
-0.000120
0.000000
0.000000
0.000000
-249.362087
0.019155
-0.000172
0.000000
0.000000
0.000000
-257.763757
0.018012
0.000301
0.000000
0.000000
0.000000
-266.303155
0.016985
-0.000176
0.000000
0.000000
0.000000
-276.395132
0.015920
-0.000317
0.000000
0.000000
0.000000
-286.233277
0.014956
-0.000236
0.000000
0.000000
0.000000
-295.680835
0.014068
-0.000246
0.000000
0.000000
0.000000
-304.603446
0.013230
-0.000136
0.000000
0.000000
0.000000
-312.966932
0.012448
-0.000309
0.000000
0.000000
0.000000
-320.727452
0.011705
-0.000227
0.000000
0.000000
0.000000
-327.484091
0.011019
-0.000168
0.000000
0.000000
0.000000
-333.183668
0.010389
-0.000139
0.000000
0.000000
0.000000
-338.048712
0.009811
-0.000077
0.000000
0.000000
0.000000
-342.127551
0.009295
-0.000035
0.000000
0.000000
0.000000
-345.589491
0.008818
-0.000022
0.000000
0.000000
0.000000
-348.450327
0.008366
-0.000173
0.000000
0.000000
0.000000
-350.564756
0.007949
-0.000128
0.000000
0.000000
0.000000
-351.480482
0.007583
0.000030
0.000000
0.000000
0.000000
-350.883699
0.007202
-0.000268
0.000000
0.000000
0.000000
-349.025903
0.006683
0.000057
0.000000
0.000000
0.000000
-344.933461
0.006150
-0.000137
0.000000
0.000000
0.000000
-339.857151
0.005619
0.000080
0.000000
0.000000
0.000000
-332.320525
0.005120
-0.000172
0.000000
0.000000
0.000000
-324.068073
0.004644
0.000115
0.000000
0.000000
0.000000
-312.470229
0.004873
-0.001391
0.000000
0.000000
0.000000
-301.395715
0.008182
0.000262
0.000000
0.000000
0.000000
-275.950716
0.011786
0.000230
0.000000
0.000000
0.000000
-246.119191
0.014705
0.000206
0.000000
0.000000
0.000000
-218.054871
0.017032
0.000181
0.000000
0.000000
0.000000
-191.660958
0.018856
0.000160
0.000000
0.000000
0.000000
-166.833207
0.010027
0.001231
0.000000
0.000000
0.000000
-91.828956
0.000000
0.000000
0.000000
0.000000
0.000000
0.000000
0.000000
0.000000
0.000000
0.000000
0.000000
0.000000
0.000000
0.000000
0.000000
0.000000
0.000000
0.000000
0.000000
0.000000
0.000000
0.000000
0.000000
0.000000
0.000000
0.000000
0.000000
0.000000
0.000000
0.000000
0.000000
0.000000
0.000000
0.000000
0.000000
0.000000
0.000000
0.000000
0.000000
0.000000
0.000000
0.000000
0.000000
0.000000
0.000000
0.000000
0.000000
0.000000
0.000000
0.000000
0.000000
0.000000
0.000000
0.000000
0.000000
0.000000
0.000000
0.000000
0.000000
0.000000
0.000000
0.000000
0.000000
0.000000
0.000000
0.000000
0.000000
0.000000
0.000000
0.000000
0.000000
0.000000
0.000000
0.000000
0.000000
0.000000
0.000000
0.000000
0.000000
0.000000
0.000000
0.000000
0.000000
0.000000
0.000000
0.000000
0.000000
0.000000
0.000000
0.000000
0.000000
0.000000
0.000000
0.000000
0.000000
0.000000
0.000000
0.000000
0.000000
0.000000
0.000000
0.000000
0.000000
0.000000
0.000000
0.000000
0.000000
0.000000
0.000000
0.000000
0.000000
0.000000
0.000000
0.000000
0.000000
0.000000
0.000000
0.000000
0.000000
0.000000
0.000000
0.000000
0.000000
0.000000
0.000000
0.000000
0.000000
0.000000
0.000000
0.000000
0.000000
0.000000
0.000000
0.000000
0.000000
0.000000
0.000000
0.000000
0.000000
0.000000
0.000000
0.000000
0.000000
0.000000
0.000000
0.000000
0.000000
0.000000
0.000000
0.000000
0.000000
0.000000
0.000000
0.000000
0.000000
0.000000
0.000000
0.000000
0.000000
0.000000
0.000000
0.000000
0.000000
0.000000
0.000000
0.000000
0.000000
0.000000
0.000000
0.000000
0.000000
0.000000
0.000000
0.000000
0.000000
0.000000
0.000000
0.000000
0.000000
0.000000
0.000000
0.000000
0.000000
0.000000
0.000000
0.000000
0.000000
0.000000
0.000000
0.000000
0.000000
0.000000
0.000000
0.000000
0.000000
0.000000
0.000000
0.000000
0.000000
0.000000
0.000000
0.000000
0.000000
0.000000
0.000000
0.000000
0.000000
0.000000
0.000000
0.000000
0.000000
0.000000
0.000000
0.000000
0.000000
0.000000
0.000000
0.000000
0.000000
0.000000
0.000000
0.000000
0.000000
0.000000
0.000000
0.000000
0.000000
0.000000
0.000000
0.000000
0.000000
0.000000
0.000000
0.000000
0.000000
0.000000
0.000000
0.000000
0.000000
0.000000
0.000000
0.000000
0.000000
0.000000
0.000000
0.000000
0.000000
0.000000
0.000000
0.000000
0.000000
0.000000
0.000000
0.000000
0.000000
0.000000
0.000000
0.000000
0.000000
0.000000
0.000000
0.000000
0.000000
0.000000
0.000000
0.000000
0.000000
0.000000
0.000000
0.000000
0.000000
0.000000
0.000000
0.000000
0.000000
0.000000
0.000000
0.000000
0.000000
0.000000
0.000000
0.000000
0.000000
0.000000
0.000000
0.000000
0.000000
0.000000
0.000000
0.000000
0.000000
0.000000
0.000000
0.000000
0.000000
0.000000
0.000000
0.000000
0.000000
0.000000
