# Static simulation
# Job: job_0002
# Scale: element
# Data key: force_vector
# Timestamp (runner starts): 2025-02-18_19-06-54
# Data:

# Element ID: 0
0.015914,0.013905,0.000000,0.000000,0.000000,-5.313491,0.009604,-0.013110,0.000000,0.000000,0.000000,-12.799008

# Element ID: 1
0.004530,0.014860,0.000000,0.000000,0.000000,-8.983127,0.002596,-0.015733,0.000000,0.000000,0.000000,-19.007333

# Element ID: 2
0.006377,0.015135,0.000000,0.000000,0.000000,-13.077274,0.009289,-0.015180,0.000000,0.000000,0.000000,-25.838737

# Element ID: 3
0.015007,0.014166,0.000000,0.000000,0.000000,-17.174046,0.017844,-0.014143,0.000000,0.000000,0.000000,-33.346155

# Element ID: 4
0.021408,0.011899,0.000000,0.000000,0.000000,-21.912563,0.023528,-0.012507,0.000000,0.000000,0.000000,-41.116503

# Element ID: 5
0.024562,0.012641,0.000000,0.000000,0.000000,-26.600971,0.024985,-0.013374,0.000000,0.000000,0.000000,-49.447469

# Element ID: 6
0.024037,0.011977,0.000000,0.000000,0.000000,-31.801030,0.024202,-0.012699,0.000000,0.000000,0.000000,-58.139160

# Element ID: 7
0.023028,0.011211,0.000000,0.000000,0.000000,-36.991511,0.023243,-0.012135,0.000000,0.000000,0.000000,-67.199099

# Element ID: 8
0.022099,0.010468,0.000000,0.000000,0.000000,-42.827851,0.022076,-0.010042,0.000000,0.000000,0.000000,-76.573750

# Element ID: 9
0.020541,0.008705,0.000000,0.000000,0.000000,-48.026783,0.020490,-0.008782,0.000000,0.000000,0.000000,-85.052699

# Element ID: 10
0.019028,0.007563,0.000000,0.000000,0.000000,-53.075210,0.018971,-0.007788,0.000000,0.000000,0.000000,-93.347469

# Element ID: 11
0.017673,0.007062,0.000000,0.000000,0.000000,-58.092369,0.017678,-0.007818,0.000000,0.000000,0.000000,-101.907186

# Element ID: 12
0.016514,0.007024,0.000000,0.000000,0.000000,-63.204483,0.016496,-0.006544,0.000000,0.000000,0.000000,-110.638887

# Element ID: 13
0.015428,0.006172,0.000000,0.000000,0.000000,-68.456448,0.015388,-0.005631,0.000000,0.000000,0.000000,-119.195337

# Element ID: 14
0.014459,0.005280,0.000000,0.000000,0.000000,-73.586655,0.014402,-0.005513,0.000000,0.000000,0.000000,-127.576467

# Element ID: 15
0.013516,0.005057,0.000000,0.000000,0.000000,-78.590504,0.013421,-0.005218,0.000000,0.000000,0.000000,-135.988114

# Element ID: 16
0.012409,0.004085,0.000000,0.000000,0.000000,-83.586257,0.012389,-0.003675,0.000000,0.000000,0.000000,-143.203612

# Element ID: 17
0.011622,0.003072,0.000000,0.000000,0.000000,-87.534047,0.011563,-0.002207,0.000000,0.000000,0.000000,-149.529023

# Element ID: 18
0.010761,0.002439,0.000000,0.000000,0.000000,-90.996949,0.010702,-0.002072,0.000000,0.000000,0.000000,-155.083035

# Element ID: 19
0.009922,0.001952,0.000000,0.000000,0.000000,-94.279052,0.009889,-0.001963,0.000000,0.000000,0.000000,-160.300788

# Element ID: 20
0.009266,0.001791,0.000000,0.000000,0.000000,-97.462968,0.009251,-0.001821,0.000000,0.000000,0.000000,-165.575915

# Element ID: 21
0.008761,0.002121,0.000000,0.000000,0.000000,-100.727240,0.008777,-0.002292,0.000000,0.000000,0.000000,-171.831363

# Element ID: 22
0.008208,0.002116,0.000000,0.000000,0.000000,-104.563770,0.008207,-0.002132,0.000000,0.000000,0.000000,-177.958731

# Element ID: 23
0.007714,0.001815,0.000000,0.000000,0.000000,-108.274546,0.007708,-0.001777,0.000000,0.000000,0.000000,-183.941204

# Element ID: 24
0.007248,0.001541,0.000000,0.000000,0.000000,-111.739631,0.007249,-0.001601,0.000000,0.000000,0.000000,-189.524379

# Element ID: 25
0.006819,0.001354,0.000000,0.000000,0.000000,-115.079066,0.006818,-0.001313,0.000000,0.000000,0.000000,-194.854946

# Element ID: 26
0.006413,0.001177,0.000000,0.000000,0.000000,-118.111985,0.006415,-0.001178,0.000000,0.000000,0.000000,-199.728981

# Element ID: 27
0.006034,0.000870,0.000000,0.000000,0.000000,-120.998471,0.006032,-0.000870,0.000000,0.000000,0.000000,-204.076092

# Element ID: 28
0.005673,0.000642,0.000000,0.000000,0.000000,-123.408000,0.005675,-0.000642,0.000000,0.000000,0.000000,-207.727409

# Element ID: 29
0.005344,0.000474,0.000000,0.000000,0.000000,-125.456259,0.005348,-0.000474,0.000000,0.000000,0.000000,-210.834191

# Element ID: 30
0.005041,0.000335,0.000000,0.000000,0.000000,-127.214521,0.005048,-0.000335,0.000000,0.000000,0.000000,-213.461715

# Element ID: 31
0.004764,0.000258,0.000000,0.000000,0.000000,-128.665836,0.004776,-0.000240,0.000000,0.000000,0.000000,-215.681977

# Element ID: 32
0.004519,0.000205,0.000000,0.000000,0.000000,-129.907513,0.004532,-0.000129,0.000000,0.000000,0.000000,-217.556587

# Element ID: 33
0.004286,0.000107,0.000000,0.000000,0.000000,-130.893740,0.004297,-0.000090,0.000000,0.000000,0.000000,-218.949756

# Element ID: 34
0.004068,-0.000083,0.000000,0.000000,0.000000,-131.614999,0.004082,0.000083,0.000000,0.000000,0.000000,-219.574421

# Element ID: 35
0.003867,-0.000212,0.000000,0.000000,0.000000,-131.906061,0.003887,0.000345,0.000000,0.000000,0.000000,-219.468003

# Element ID: 36
0.003697,-0.000315,0.000000,0.000000,0.000000,-131.415696,0.003717,0.000315,0.000000,0.000000,0.000000,-218.354894

# Element ID: 37
0.003485,-0.000582,0.000000,0.000000,0.000000,-130.671009,0.003464,0.000582,0.000000,0.000000,0.000000,-216.007933

# Element ID: 38
0.003219,-0.000525,0.000000,0.000000,0.000000,-128.925528,0.003197,0.000644,0.000000,0.000000,0.000000,-213.020203

# Element ID: 39
0.002953,-0.000781,0.000000,0.000000,0.000000,-126.836948,0.002923,0.000781,0.000000,0.000000,0.000000,-208.420687

# Element ID: 40
0.002696,-0.000700,0.000000,0.000000,0.000000,-123.899839,0.002668,0.000821,0.000000,0.000000,0.000000,-203.486459

# Element ID: 41
0.002452,-0.000993,0.000000,0.000000,0.000000,-120.581614,0.002422,0.000993,0.000000,0.000000,0.000000,-196.428986

# Element ID: 42
0.002222,-0.000878,0.000000,0.000000,0.000000,-116.041243,0.002196,0.000878,0.000000,0.000000,0.000000,-189.132462

# Element ID: 43
0.002677,-0.002269,0.000000,0.000000,0.000000,-112.263253,0.003470,0.002269,0.000000,0.000000,0.000000,-175.396442

# Element ID: 44
0.004711,-0.002007,0.000000,0.000000,0.000000,-100.554274,0.005413,0.002007,0.000000,0.000000,0.000000,-156.577686

# Element ID: 45
0.006374,-0.001777,0.000000,0.000000,0.000000,-89.541504,0.006995,0.001777,0.000000,0.000000,0.000000,-138.874604

# Element ID: 46
0.007710,-0.001571,0.000000,0.000000,0.000000,-79.180268,0.008260,0.001571,0.000000,0.000000,0.000000,-122.223902

# Element ID: 47
0.008773,-0.001391,0.000000,0.000000,0.000000,-69.437057,0.009259,0.001391,0.000000,0.000000,0.000000,-106.562289

# Element ID: 48
0.009597,-0.001231,0.000000,0.000000,0.000000,-60.270918,0.010027,0.001231,0.000000,0.000000,0.000000,-91.828956
