# Static simulation
# Job: job_0002
# Scale: element
# Data key: reaction_force_vector
# Timestamp (runner starts): 2025-02-18_19-06-54
# Data:

# Element ID: 0
nan,0.000000,0.000000,0.000000,0.000000,nan,nan,0.000000,0.000000,0.000000,0.000000,nan

# Element ID: 1
nan,0.000000,0.000000,0.000000,0.000000,nan,nan,0.000000,0.000000,0.000000,0.000000,nan

# Element ID: 2
nan,0.000000,0.000000,0.000000,0.000000,nan,nan,0.000000,0.000000,0.000000,0.000000,nan

# Element ID: 3
nan,0.000000,0.000000,0.000000,0.000000,nan,nan,0.000000,0.000000,0.000000,0.000000,nan

# Element ID: 4
nan,0.000000,0.000000,0.000000,0.000000,nan,nan,0.000000,0.000000,0.000000,0.000000,nan

# Element ID: 5
nan,0.000000,0.000000,0.000000,0.000000,nan,nan,0.000000,0.000000,0.000000,0.000000,nan

# Element ID: 6
nan,0.000000,0.000000,0.000000,0.000000,nan,nan,0.000000,0.000000,0.000000,0.000000,nan

# Element ID: 7
nan,0.000000,0.000000,0.000000,0.000000,nan,nan,0.000000,0.000000,0.000000,0.000000,nan

# Element ID: 8
nan,0.000000,0.000000,0.000000,0.000000,nan,nan,0.000000,0.000000,0.000000,0.000000,nan

# Element ID: 9
nan,0.000000,0.000000,0.000000,0.000000,nan,nan,0.000000,0.000000,0.000000,0.000000,nan

# Element ID: 10
nan,0.000000,0.000000,0.000000,0.000000,nan,nan,0.000000,0.000000,0.000000,0.000000,nan

# Element ID: 11
nan,0.000000,0.000000,0.000000,0.000000,nan,nan,0.000000,0.000000,0.000000,0.000000,nan

# Element ID: 12
nan,0.000000,0.000000,0.000000,0.000000,nan,nan,0.000000,0.000000,0.000000,0.000000,nan

# Element ID: 13
nan,0.000000,0.000000,0.000000,0.000000,nan,nan,0.000000,0.000000,0.000000,0.000000,nan

# Element ID: 14
nan,0.000000,0.000000,0.000000,0.000000,nan,nan,0.000000,0.000000,0.000000,0.000000,nan

# Element ID: 15
nan,0.000000,0.000000,0.000000,0.000000,nan,nan,0.000000,0.000000,0.000000,0.000000,nan

# Element ID: 16
nan,0.000000,0.000000,0.000000,0.000000,nan,nan,0.000000,0.000000,0.000000,0.000000,nan

# Element ID: 17
nan,0.000000,0.000000,0.000000,0.000000,nan,nan,0.000000,0.000000,0.000000,0.000000,nan

# Element ID: 18
nan,0.000000,0.000000,0.000000,0.000000,nan,nan,0.000000,0.000000,0.000000,0.000000,nan

# Element ID: 19
nan,0.000000,0.000000,0.000000,0.000000,nan,nan,0.000000,0.000000,0.000000,0.000000,nan

# Element ID: 20
nan,0.000000,0.000000,0.000000,0.000000,nan,nan,0.000000,0.000000,0.000000,0.000000,nan

# Element ID: 21
nan,0.000000,0.000000,0.000000,0.000000,nan,nan,0.000000,0.000000,0.000000,0.000000,nan

# Element ID: 22
nan,0.000000,0.000000,0.000000,0.000000,nan,nan,0.000000,0.000000,0.000000,0.000000,nan

# Element ID: 23
nan,0.000000,0.000000,0.000000,0.000000,nan,nan,0.000000,0.000000,0.000000,0.000000,nan

# Element ID: 24
nan,0.000000,0.000000,0.000000,0.000000,nan,nan,0.000000,0.000000,0.000000,0.000000,nan

# Element ID: 25
nan,0.000000,0.000000,0.000000,0.000000,nan,nan,0.000000,0.000000,0.000000,0.000000,nan

# Element ID: 26
nan,0.000000,0.000000,0.000000,0.000000,nan,nan,0.000000,0.000000,0.000000,0.000000,nan

# Element ID: 27
nan,0.000000,0.000000,0.000000,0.000000,nan,nan,0.000000,0.000000,0.000000,0.000000,nan

# Element ID: 28
nan,0.000000,0.000000,0.000000,0.000000,nan,nan,0.000000,0.000000,0.000000,0.000000,nan

# Element ID: 29
nan,0.000000,0.000000,0.000000,0.000000,nan,nan,0.000000,0.000000,0.000000,0.000000,nan

# Element ID: 30
nan,0.000000,0.000000,0.000000,0.000000,nan,nan,0.000000,0.000000,0.000000,0.000000,nan

# Element ID: 31
nan,0.000000,0.000000,0.000000,0.000000,nan,nan,0.000000,0.000000,0.000000,0.000000,nan

# Element ID: 32
nan,0.000000,0.000000,0.000000,0.000000,nan,nan,0.000000,0.000000,0.000000,0.000000,nan

# Element ID: 33
nan,0.000000,0.000000,0.000000,0.000000,nan,nan,0.000000,0.000000,0.000000,0.000000,nan

# Element ID: 34
nan,0.000000,0.000000,0.000000,0.000000,nan,nan,0.000000,0.000000,0.000000,0.000000,nan

# Element ID: 35
nan,0.000000,0.000000,0.000000,0.000000,nan,nan,0.000000,0.000000,0.000000,0.000000,nan

# Element ID: 36
nan,0.000000,0.000000,0.000000,0.000000,nan,nan,0.000000,0.000000,0.000000,0.000000,nan

# Element ID: 37
nan,0.000000,0.000000,0.000000,0.000000,nan,nan,0.000000,0.000000,0.000000,0.000000,nan

# Element ID: 38
nan,0.000000,0.000000,0.000000,0.000000,nan,nan,0.000000,0.000000,0.000000,0.000000,nan

# Element ID: 39
nan,0.000000,0.000000,0.000000,0.000000,nan,nan,0.000000,0.000000,0.000000,0.000000,nan

# Element ID: 40
nan,0.000000,0.000000,0.000000,0.000000,nan,nan,0.000000,0.000000,0.000000,0.000000,nan

# Element ID: 41
nan,0.000000,0.000000,0.000000,0.000000,nan,nan,0.000000,0.000000,0.000000,0.000000,nan

# Element ID: 42
nan,0.000000,0.000000,0.000000,0.000000,nan,nan,0.000000,0.000000,0.000000,0.000000,nan

# Element ID: 43
nan,0.000000,0.000000,0.000000,0.000000,nan,nan,0.000000,0.000000,0.000000,0.000000,nan

# Element ID: 44
nan,0.000000,0.000000,0.000000,0.000000,nan,nan,0.000000,0.000000,0.000000,0.000000,nan

# Element ID: 45
nan,0.000000,0.000000,0.000000,0.000000,nan,nan,0.000000,0.000000,0.000000,0.000000,nan

# Element ID: 46
nan,0.000000,0.000000,0.000000,0.000000,nan,nan,0.000000,0.000000,0.000000,0.000000,nan

# Element ID: 47
nan,0.000000,0.000000,0.000000,0.000000,nan,nan,0.000000,0.000000,0.000000,0.000000,nan

# Element ID: 48
nan,0.000000,0.000000,0.000000,0.000000,nan,nan,0.000000,0.000000,0.000000,0.000000,nan
