Stiffness Matrix: element_K

               0           1           2           3           4           5           6          11
   0    1.19e+08    0.00e+00    0.00e+00    0.00e+00    0.00e+00    0.00e+00   -4.97e+07    0.00e+00
   1    0.00e+00    1.00e+12    0.00e+00    0.00e+00    0.00e+00    0.00e+00    0.00e+00    0.00e+00
   2    0.00e+00    0.00e+00    1.00e+12    0.00e+00    0.00e+00    0.00e+00    0.00e+00    0.00e+00
   3    0.00e+00    0.00e+00    0.00e+00    1.00e+12    0.00e+00    0.00e+00    0.00e+00    0.00e+00
   4    0.00e+00    0.00e+00    0.00e+00    0.00e+00    1.00e+12    0.00e+00    0.00e+00    0.00e+00
   5    0.00e+00    0.00e+00    0.00e+00    0.00e+00    0.00e+00    2.22e+07    0.00e+00   -1.29e+07
   6   -4.97e+07    0.00e+00    0.00e+00    0.00e+00    0.00e+00    0.00e+00    4.97e+07    0.00e+00
  11    0.00e+00    0.00e+00    0.00e+00    0.00e+00    0.00e+00   -1.29e+07    0.00e+00    1.29e+07
