# Static simulation
# Job: job_0001
# Scale: global
# Data key: U_cond
# Timestamp (runner starts): 2025-04-08_17-27-12
# Data:
0.000000e+00
-1.767299e-05
0.000000e+00
0.000000e+00
0.000000e+00
-4.116766e-05
0.000000e+00
-7.464238e-05
0.000000e+00
0.000000e+00
0.000000e+00
-7.796906e-05
0.000000e+00
-1.665419e-04
0.000000e+00
0.000000e+00
0.000000e+00
-1.104042e-04
0.000000e+00
-2.890053e-04
0.000000e+00
0.000000e+00
0.000000e+00
-1.384731e-04
0.000000e+00
-4.376663e-04
0.000000e+00
0.000000e+00
0.000000e+00
-1.621756e-04
0.000000e+00
-6.081587e-04
0.000000e+00
0.000000e+00
0.000000e+00
-1.815120e-04
0.000000e+00
-7.961161e-04
0.000000e+00
0.000000e+00
0.000000e+00
-1.964820e-04
0.000000e+00
-9.971723e-04
0.000000e+00
0.000000e+00
0.000000e+00
-2.070858e-04
0.000000e+00
-1.206961e-03
0.000000e+00
0.000000e+00
0.000000e+00
-2.133234e-04
0.000000e+00
-1.421116e-03
-0.000000e+00
0.000000e+00
0.000000e+00
-2.151946e-04
