# Static simulation
# Job: job_0001
# Scale: global
# Data key: R_cond
# Timestamp (runner starts): 2025-04-08_17-27-12
# Data:
0.000000e+00
-1.490116e-08
0.000000e+00
0.000000e+00
0.000000e+00
7.450581e-09
0.000000e+00
2.980232e-08
0.000000e+00
0.000000e+00
0.000000e+00
-4.470348e-08
0.000000e+00
-2.086163e-07
0.000000e+00
0.000000e+00
0.000000e+00
4.470348e-08
0.000000e+00
1.490116e-07
0.000000e+00
0.000000e+00
0.000000e+00
1.490116e-07
0.000000e+00
-2.980232e-07
0.000000e+00
0.000000e+00
0.000000e+00
3.278255e-07
0.000000e+00
4.172325e-07
0.000000e+00
0.000000e+00
0.000000e+00
4.172325e-07
0.000000e+00
0.000000e+00
0.000000e+00
0.000000e+00
0.000000e+00
2.086163e-07
0.000000e+00
8.344650e-07
0.000000e+00
0.000000e+00
0.000000e+00
5.960464e-08
0.000000e+00
4.768372e-07
0.000000e+00
0.000000e+00
0.000000e+00
4.768372e-07
0.000000e+00
-4.768372e-07
0.000000e+00
0.000000e+00
0.000000e+00
2.086163e-07
