# Static simulation
# Job: job_0002
# Scale: global
# Data key: U_global
# Timestamp (runner starts): 2025-03-02_19-34-32
# Data:
0.000000e+00
0.000000e+00
0.000000e+00
0.000000e+00
0.000000e+00
0.000000e+00
0.000000e+00
-2.922961e-06
0.000000e+00
0.000000e+00
0.000000e+00
0.000000e+00
0.000000e+00
-3.507553e-05
0.000000e+00
0.000000e+00
0.000000e+00
0.000000e+00
0.000000e+00
-4.179834e-04
0.000000e+00
0.000000e+00
0.000000e+00
0.000000e+00
0.000000e+00
-4.980725e-03
0.000000e+00
0.000000e+00
0.000000e+00
0.000000e+00
0.000000e+00
-5.935072e-02
0.000000e+00
0.000000e+00
0.000000e+00
0.000000e+00
0.000000e+00
-4.980725e-03
0.000000e+00
0.000000e+00
0.000000e+00
0.000000e+00
0.000000e+00
-4.179834e-04
0.000000e+00
0.000000e+00
0.000000e+00
0.000000e+00
0.000000e+00
-3.507553e-05
0.000000e+00
0.000000e+00
0.000000e+00
0.000000e+00
0.000000e+00
-2.922961e-06
0.000000e+00
0.000000e+00
0.000000e+00
0.000000e+00
0.000000e+00
0.000000e+00
0.000000e+00
0.000000e+00
0.000000e+00
0.000000e+00
