# Static simulation
# Job: job_0002
# Scale: global
# Data key: R_cond
# Timestamp (runner starts): 2025-03-02_19-34-32
# Data:
0.000000e+00
-1.387779e-17
0.000000e+00
0.000000e+00
0.000000e+00
0.000000e+00
0.000000e+00
0.000000e+00
0.000000e+00
0.000000e+00
0.000000e+00
0.000000e+00
0.000000e+00
2.664535e-15
0.000000e+00
0.000000e+00
0.000000e+00
0.000000e+00
0.000000e+00
-2.842171e-14
0.000000e+00
0.000000e+00
0.000000e+00
0.000000e+00
0.000000e+00
0.000000e+00
0.000000e+00
0.000000e+00
0.000000e+00
0.000000e+00
0.000000e+00
-4.729550e-14
0.000000e+00
0.000000e+00
0.000000e+00
0.000000e+00
0.000000e+00
1.831868e-15
0.000000e+00
0.000000e+00
0.000000e+00
0.000000e+00
0.000000e+00
1.075529e-16
0.000000e+00
0.000000e+00
0.000000e+00
0.000000e+00
0.000000e+00
0.000000e+00
0.000000e+00
0.000000e+00
0.000000e+00
0.000000e+00
0.000000e+00
4.162296e-03
0.000000e+00
0.000000e+00
0.000000e+00
0.000000e+00
