# Static simulation
# Job: job_0005
# Scale: global
# Data key: U_cond
# Timestamp (runner starts): 2025-04-11_19-52-51
# Data:
0.000000e+00
-1.226921e-10
0.000000e+00
0.000000e+00
0.000000e+00
-2.855913e-10
0.000000e+00
-5.124418e-10
0.000000e+00
0.000000e+00
0.000000e+00
-5.279441e-10
0.000000e+00
-1.126406e-09
0.000000e+00
0.000000e+00
0.000000e+00
-7.279941e-10
0.000000e+00
-1.923050e-09
0.000000e+00
0.000000e+00
0.000000e+00
-8.875500e-10
0.000000e+00
-2.863024e-09
0.000000e+00
0.000000e+00
0.000000e+00
-1.009294e-09
0.000000e+00
-3.910034e-09
0.000000e+00
0.000000e+00
0.000000e+00
-1.096782e-09
0.000000e+00
-5.031716e-09
0.000000e+00
0.000000e+00
0.000000e+00
-1.154441e-09
0.000000e+00
-6.200508e-09
0.000000e+00
0.000000e+00
0.000000e+00
-1.187575e-09
0.000000e+00
-7.394524e-09
0.000000e+00
0.000000e+00
0.000000e+00
-1.202358e-09
0.000000e+00
-8.598429e-09
-0.000000e+00
0.000000e+00
0.000000e+00
-1.205838e-09
