# Static simulation
# Job: job_0005
# Scale: global
# Data key: R_cond
# Timestamp (runner starts): 2025-04-11_19-52-51
# Data:
0.000000e+00
-4.236881e-09
0.000000e+00
0.000000e+00
0.000000e+00
-7.450581e-09
0.000000e+00
1.002841e-07
0.000000e+00
0.000000e+00
0.000000e+00
2.980232e-08
0.000000e+00
-5.533093e-08
0.000000e+00
0.000000e+00
0.000000e+00
-5.960464e-08
0.000000e+00
5.625952e-08
0.000000e+00
0.000000e+00
0.000000e+00
-5.960464e-08
0.000000e+00
-8.794450e-08
0.000000e+00
0.000000e+00
0.000000e+00
-2.980232e-08
0.000000e+00
-1.070239e-07
0.000000e+00
0.000000e+00
0.000000e+00
1.192093e-07
0.000000e+00
3.796304e-07
0.000000e+00
0.000000e+00
0.000000e+00
1.341105e-07
0.000000e+00
-8.737952e-07
0.000000e+00
0.000000e+00
0.000000e+00
-5.960464e-08
0.000000e+00
-4.370995e-07
0.000000e+00
0.000000e+00
0.000000e+00
-2.980232e-08
0.000000e+00
3.433634e-07
0.000000e+00
0.000000e+00
0.000000e+00
-2.831221e-07
