# Static simulation
# Job: job_0002
# Scale: global
# Data key: R_cond
# Timestamp (runner starts): 2025-04-11_19-52-49
# Data:
0.000000e+00
0.000000e+00
0.000000e+00
0.000000e+00
0.000000e+00
-2.980232e-08
0.000000e+00
2.980232e-08
0.000000e+00
0.000000e+00
0.000000e+00
0.000000e+00
0.000000e+00
2.980232e-08
0.000000e+00
0.000000e+00
0.000000e+00
-7.450581e-08
0.000000e+00
8.940697e-08
0.000000e+00
0.000000e+00
0.000000e+00
-5.960464e-08
0.000000e+00
-2.086163e-07
0.000000e+00
0.000000e+00
0.000000e+00
5.960464e-08
0.000000e+00
3.874302e-07
0.000000e+00
0.000000e+00
0.000000e+00
5.960464e-08
0.000000e+00
-2.980232e-07
0.000000e+00
0.000000e+00
0.000000e+00
-2.086163e-07
0.000000e+00
2.980232e-07
0.000000e+00
0.000000e+00
0.000000e+00
-2.980232e-07
0.000000e+00
0.000000e+00
0.000000e+00
0.000000e+00
0.000000e+00
5.364418e-07
0.000000e+00
-4.768372e-07
0.000000e+00
0.000000e+00
0.000000e+00
-2.980232e-07
