# Static simulation
# Job: job_0002
# Scale: global
# Data key: U_global
# Timestamp (runner starts): 2025-04-11_19-52-49
# Data:
0.000000e+00
0.000000e+00
0.000000e+00
0.000000e+00
0.000000e+00
0.000000e+00
0.000000e+00
-1.767299e-10
0.000000e+00
0.000000e+00
0.000000e+00
-4.116766e-10
0.000000e+00
-7.464238e-10
0.000000e+00
0.000000e+00
0.000000e+00
-7.796906e-10
0.000000e+00
-1.665419e-09
0.000000e+00
0.000000e+00
0.000000e+00
-1.104042e-09
0.000000e+00
-2.890053e-09
0.000000e+00
0.000000e+00
0.000000e+00
-1.384731e-09
0.000000e+00
-4.376663e-09
0.000000e+00
0.000000e+00
0.000000e+00
-1.621756e-09
0.000000e+00
-6.040003e-09
0.000000e+00
0.000000e+00
0.000000e+00
-1.715319e-09
0.000000e+00
-7.755323e-09
0.000000e+00
0.000000e+00
0.000000e+00
-1.715319e-09
0.000000e+00
-9.470642e-09
0.000000e+00
0.000000e+00
0.000000e+00
-1.715319e-09
0.000000e+00
-1.118596e-08
0.000000e+00
0.000000e+00
0.000000e+00
-1.715319e-09
0.000000e+00
-1.290128e-08
-0.000000e+00
0.000000e+00
0.000000e+00
-1.715319e-09
