# Static simulation
# Job: job_0001
# Scale: global
# Data key: U_global
# Timestamp (runner starts): 2025-03-07_16-43-58
# Data:
0.000000e+00
0.000000e+00
0.000000e+00
0.000000e+00
0.000000e+00
0.000000e+00
0.000000e+00
-1.740705e-11
0.000000e+00
0.000000e+00
0.000000e+00
0.000000e+00
0.000000e+00
-3.481409e-11
0.000000e+00
0.000000e+00
0.000000e+00
0.000000e+00
0.000000e+00
-5.222114e-11
0.000000e+00
0.000000e+00
0.000000e+00
0.000000e+00
0.000000e+00
-6.962819e-11
0.000000e+00
0.000000e+00
0.000000e+00
0.000000e+00
0.000000e+00
-8.703523e-11
0.000000e+00
0.000000e+00
0.000000e+00
0.000000e+00
0.000000e+00
-1.044423e-10
0.000000e+00
0.000000e+00
0.000000e+00
0.000000e+00
0.000000e+00
-1.218493e-10
0.000000e+00
0.000000e+00
0.000000e+00
0.000000e+00
0.000000e+00
-1.392564e-10
0.000000e+00
0.000000e+00
0.000000e+00
0.000000e+00
0.000000e+00
-1.566634e-10
0.000000e+00
0.000000e+00
0.000000e+00
0.000000e+00
0.000000e+00
-1.740705e-10
0.000000e+00
0.000000e+00
0.000000e+00
0.000000e+00
