# Static simulation
# Job: job_0004
# Scale: global
# Data key: U_cond
# Timestamp (runner starts): 2025-04-30_18-05-49
# Data:
0.000000e+00
-1.850466e-09
0.000000e+00
0.000000e+00
0.000000e+00
-4.303892e-09
0.000000e+00
-7.651364e-09
0.000000e+00
0.000000e+00
0.000000e+00
-7.784431e-09
0.000000e+00
-1.661677e-08
0.000000e+00
0.000000e+00
0.000000e+00
-1.052894e-08
0.000000e+00
-2.804807e-08
0.000000e+00
0.000000e+00
0.000000e+00
-1.262475e-08
0.000000e+00
-4.133400e-08
0.000000e+00
0.000000e+00
0.000000e+00
-1.415918e-08
0.000000e+00
-5.595060e-08
0.000000e+00
0.000000e+00
0.000000e+00
-1.521956e-08
0.000000e+00
-7.146124e-08
0.000000e+00
0.000000e+00
0.000000e+00
-1.589321e-08
0.000000e+00
-8.751663e-08
0.000000e+00
0.000000e+00
0.000000e+00
-1.626747e-08
0.000000e+00
-1.038548e-07
0.000000e+00
0.000000e+00
0.000000e+00
-1.642964e-08
0.000000e+00
-1.203011e-07
-0.000000e+00
0.000000e+00
0.000000e+00
-1.646707e-08
