# Static simulation
# Job: job_0004
# Scale: global
# Data key: R_cond
# Timestamp (runner starts): 2025-04-30_18-05-49
# Data:
0.000000e+00
3.637979e-12
0.000000e+00
0.000000e+00
0.000000e+00
7.450581e-09
0.000000e+00
3.637979e-12
0.000000e+00
0.000000e+00
0.000000e+00
2.980232e-08
0.000000e+00
2.979868e-08
0.000000e+00
0.000000e+00
0.000000e+00
-8.940697e-08
0.000000e+00
2.980960e-08
0.000000e+00
0.000000e+00
0.000000e+00
1.341105e-07
0.000000e+00
1.192057e-07
0.000000e+00
0.000000e+00
0.000000e+00
-8.940697e-08
0.000000e+00
-1.043085e-06
0.000000e+00
0.000000e+00
0.000000e+00
-1.788139e-07
0.000000e+00
4.768335e-07
0.000000e+00
0.000000e+00
0.000000e+00
-2.980232e-08
0.000000e+00
2.384368e-07
0.000000e+00
0.000000e+00
0.000000e+00
-3.129244e-07
0.000000e+00
-6.258524e-07
0.000000e+00
0.000000e+00
0.000000e+00
-2.980232e-08
0.000000e+00
6.258488e-07
0.000000e+00
0.000000e+00
0.000000e+00
1.192093e-07
