# Static simulation
# Job: job_0005
# Scale: global
# Data key: R_cond
# Timestamp (runner starts): 2025-03-16_22-31-55
# Data:
0.000000e+00
-2.933120e-11
0.000000e+00
0.000000e+00
-2.910383e-11
0.000000e+00
0.000000e+00
1.040462e-09
0.000000e+00
0.000000e+00
2.910383e-11
0.000000e+00
0.000000e+00
-2.185516e-09
0.000000e+00
0.000000e+00
-5.820766e-11
0.000000e+00
0.000000e+00
2.006345e-09
0.000000e+00
0.000000e+00
-2.255547e-10
0.000000e+00
0.000000e+00
1.846274e-09
0.000000e+00
0.000000e+00
1.309672e-10
0.000000e+00
0.000000e+00
-1.191438e-09
0.000000e+00
0.000000e+00
8.003553e-11
0.000000e+00
0.000000e+00
-4.843969e-09
0.000000e+00
0.000000e+00
9.094947e-11
0.000000e+00
0.000000e+00
-9.586074e-10
0.000000e+00
0.000000e+00
-2.000888e-10
0.000000e+00
0.000000e+00
3.758032e-09
0.000000e+00
0.000000e+00
2.492015e-10
0.000000e+00
0.000000e+00
-5.005859e-09
0.000000e+00
0.000000e+00
1.273293e-11
0.000000e+00
