# Static simulation
# Job: job_0002
# Scale: element
# Data key: F_e_mod
# Timestamp (runner starts): 2025-02-24_09-43-10
# Data:

# Element ID: 0
0.000000e+00,0.000000e+00,0.000000e+00,0.000000e+00,0.000000e+00,0.000000e+00,0.000000e+00,2.235404e-14,0.000000e+00,0.000000e+00,0.000000e+00,0.000000e+00

# Element ID: 1
0.000000e+00,2.235404e-14,0.000000e+00,0.000000e+00,0.000000e+00,0.000000e+00,0.000000e+00,2.102648e-14,0.000000e+00,0.000000e+00,0.000000e+00,0.000000e+00

# Element ID: 2
0.000000e+00,2.102648e-14,0.000000e+00,0.000000e+00,0.000000e+00,0.000000e+00,0.000000e+00,1.977776e-14,0.000000e+00,0.000000e+00,0.000000e+00,0.000000e+00

# Element ID: 3
0.000000e+00,1.977776e-14,0.000000e+00,0.000000e+00,0.000000e+00,0.000000e+00,0.000000e+00,1.860320e-14,0.000000e+00,0.000000e+00,0.000000e+00,0.000000e+00

# Element ID: 4
0.000000e+00,1.860320e-14,0.000000e+00,0.000000e+00,0.000000e+00,0.000000e+00,0.000000e+00,1.749840e-14,0.000000e+00,0.000000e+00,0.000000e+00,0.000000e+00

# Element ID: 5
0.000000e+00,1.749840e-14,0.000000e+00,0.000000e+00,0.000000e+00,0.000000e+00,0.000000e+00,1.645919e-14,0.000000e+00,0.000000e+00,0.000000e+00,0.000000e+00

# Element ID: 6
0.000000e+00,1.645919e-14,0.000000e+00,0.000000e+00,0.000000e+00,0.000000e+00,0.000000e+00,1.548172e-14,0.000000e+00,0.000000e+00,0.000000e+00,0.000000e+00

# Element ID: 7
0.000000e+00,1.548172e-14,0.000000e+00,0.000000e+00,0.000000e+00,0.000000e+00,0.000000e+00,1.456231e-14,0.000000e+00,0.000000e+00,0.000000e+00,0.000000e+00

# Element ID: 8
0.000000e+00,1.456231e-14,0.000000e+00,0.000000e+00,0.000000e+00,0.000000e+00,0.000000e+00,1.369748e-14,0.000000e+00,0.000000e+00,0.000000e+00,0.000000e+00

# Element ID: 9
0.000000e+00,1.369748e-14,0.000000e+00,0.000000e+00,0.000000e+00,0.000000e+00,0.000000e+00,1.288399e-14,0.000000e+00,0.000000e+00,0.000000e+00,0.000000e+00

# Element ID: 10
0.000000e+00,1.288399e-14,0.000000e+00,0.000000e+00,0.000000e+00,0.000000e+00,0.000000e+00,1.211885e-14,0.000000e+00,0.000000e+00,0.000000e+00,0.000000e+00

# Element ID: 11
0.000000e+00,1.211885e-14,0.000000e+00,0.000000e+00,0.000000e+00,0.000000e+00,0.000000e+00,1.139913e-14,0.000000e+00,0.000000e+00,0.000000e+00,0.000000e+00

# Element ID: 12
0.000000e+00,1.139913e-14,0.000000e+00,0.000000e+00,0.000000e+00,0.000000e+00,0.000000e+00,1.072215e-14,0.000000e+00,0.000000e+00,0.000000e+00,0.000000e+00

# Element ID: 13
0.000000e+00,1.072215e-14,0.000000e+00,0.000000e+00,0.000000e+00,0.000000e+00,0.000000e+00,1.008540e-14,0.000000e+00,0.000000e+00,0.000000e+00,0.000000e+00

# Element ID: 14
0.000000e+00,1.008540e-14,0.000000e+00,0.000000e+00,0.000000e+00,0.000000e+00,0.000000e+00,9.486449e-15,0.000000e+00,0.000000e+00,0.000000e+00,0.000000e+00

# Element ID: 15
0.000000e+00,9.486449e-15,0.000000e+00,0.000000e+00,0.000000e+00,0.000000e+00,0.000000e+00,8.923070e-15,0.000000e+00,0.000000e+00,0.000000e+00,0.000000e+00

# Element ID: 16
0.000000e+00,8.923070e-15,0.000000e+00,0.000000e+00,0.000000e+00,0.000000e+00,0.000000e+00,8.393144e-15,0.000000e+00,0.000000e+00,0.000000e+00,0.000000e+00

# Element ID: 17
0.000000e+00,8.393144e-15,0.000000e+00,0.000000e+00,0.000000e+00,0.000000e+00,0.000000e+00,7.894712e-15,0.000000e+00,0.000000e+00,0.000000e+00,0.000000e+00

# Element ID: 18
0.000000e+00,7.894712e-15,0.000000e+00,0.000000e+00,0.000000e+00,0.000000e+00,0.000000e+00,7.425857e-15,0.000000e+00,0.000000e+00,0.000000e+00,0.000000e+00

# Element ID: 19
0.000000e+00,7.425857e-15,0.000000e+00,0.000000e+00,0.000000e+00,0.000000e+00,0.000000e+00,6.984838e-15,0.000000e+00,0.000000e+00,0.000000e+00,0.000000e+00

# Element ID: 20
0.000000e+00,6.984838e-15,0.000000e+00,0.000000e+00,0.000000e+00,0.000000e+00,0.000000e+00,6.570009e-15,0.000000e+00,0.000000e+00,0.000000e+00,0.000000e+00

# Element ID: 21
0.000000e+00,6.570009e-15,0.000000e+00,0.000000e+00,0.000000e+00,0.000000e+00,0.000000e+00,6.179835e-15,0.000000e+00,0.000000e+00,0.000000e+00,0.000000e+00

# Element ID: 22
0.000000e+00,6.179835e-15,0.000000e+00,0.000000e+00,0.000000e+00,0.000000e+00,0.000000e+00,5.812833e-15,0.000000e+00,0.000000e+00,0.000000e+00,0.000000e+00

# Element ID: 23
0.000000e+00,5.812833e-15,0.000000e+00,0.000000e+00,0.000000e+00,0.000000e+00,0.000000e+00,5.467630e-15,0.000000e+00,0.000000e+00,0.000000e+00,0.000000e+00

# Element ID: 24
0.000000e+00,5.467630e-15,0.000000e+00,0.000000e+00,0.000000e+00,0.000000e+00,0.000000e+00,5.142926e-15,0.000000e+00,0.000000e+00,0.000000e+00,0.000000e+00

# Element ID: 25
0.000000e+00,5.142926e-15,0.000000e+00,0.000000e+00,0.000000e+00,0.000000e+00,0.000000e+00,4.837485e-15,0.000000e+00,0.000000e+00,0.000000e+00,0.000000e+00

# Element ID: 26
0.000000e+00,4.837485e-15,0.000000e+00,0.000000e+00,0.000000e+00,0.000000e+00,0.000000e+00,4.550198e-15,0.000000e+00,0.000000e+00,0.000000e+00,0.000000e+00

# Element ID: 27
0.000000e+00,4.550198e-15,0.000000e+00,0.000000e+00,0.000000e+00,0.000000e+00,0.000000e+00,4.279958e-15,0.000000e+00,0.000000e+00,0.000000e+00,0.000000e+00

# Element ID: 28
0.000000e+00,4.279958e-15,0.000000e+00,0.000000e+00,0.000000e+00,0.000000e+00,0.000000e+00,4.025779e-15,0.000000e+00,0.000000e+00,0.000000e+00,0.000000e+00

# Element ID: 29
0.000000e+00,4.025779e-15,0.000000e+00,0.000000e+00,0.000000e+00,0.000000e+00,0.000000e+00,3.786710e-15,0.000000e+00,0.000000e+00,0.000000e+00,0.000000e+00

# Element ID: 30
0.000000e+00,3.786710e-15,0.000000e+00,0.000000e+00,0.000000e+00,0.000000e+00,0.000000e+00,3.561833e-15,0.000000e+00,0.000000e+00,0.000000e+00,0.000000e+00

# Element ID: 31
0.000000e+00,3.561833e-15,0.000000e+00,0.000000e+00,0.000000e+00,0.000000e+00,0.000000e+00,3.350294e-15,0.000000e+00,0.000000e+00,0.000000e+00,0.000000e+00

# Element ID: 32
0.000000e+00,3.350294e-15,0.000000e+00,0.000000e+00,0.000000e+00,0.000000e+00,0.000000e+00,3.151314e-15,0.000000e+00,0.000000e+00,0.000000e+00,0.000000e+00

# Element ID: 33
0.000000e+00,3.151314e-15,0.000000e+00,0.000000e+00,0.000000e+00,0.000000e+00,0.000000e+00,2.964175e-15,0.000000e+00,0.000000e+00,0.000000e+00,0.000000e+00

# Element ID: 34
0.000000e+00,2.964175e-15,0.000000e+00,0.000000e+00,0.000000e+00,0.000000e+00,0.000000e+00,2.788138e-15,0.000000e+00,0.000000e+00,0.000000e+00,0.000000e+00

# Element ID: 35
0.000000e+00,2.788138e-15,0.000000e+00,0.000000e+00,0.000000e+00,0.000000e+00,0.000000e+00,2.622563e-15,0.000000e+00,0.000000e+00,0.000000e+00,0.000000e+00

# Element ID: 36
0.000000e+00,2.622563e-15,0.000000e+00,0.000000e+00,0.000000e+00,0.000000e+00,0.000000e+00,2.466823e-15,0.000000e+00,0.000000e+00,0.000000e+00,0.000000e+00

# Element ID: 37
0.000000e+00,2.466823e-15,0.000000e+00,0.000000e+00,0.000000e+00,0.000000e+00,0.000000e+00,2.320299e-15,0.000000e+00,0.000000e+00,0.000000e+00,0.000000e+00

# Element ID: 38
0.000000e+00,2.320299e-15,0.000000e+00,0.000000e+00,0.000000e+00,0.000000e+00,0.000000e+00,2.182510e-15,0.000000e+00,0.000000e+00,0.000000e+00,0.000000e+00

# Element ID: 39
0.000000e+00,2.182510e-15,0.000000e+00,0.000000e+00,0.000000e+00,0.000000e+00,0.000000e+00,2.052893e-15,0.000000e+00,0.000000e+00,0.000000e+00,0.000000e+00

# Element ID: 40
0.000000e+00,2.052893e-15,0.000000e+00,0.000000e+00,0.000000e+00,0.000000e+00,0.000000e+00,1.930978e-15,0.000000e+00,0.000000e+00,0.000000e+00,0.000000e+00

# Element ID: 41
0.000000e+00,1.930978e-15,0.000000e+00,0.000000e+00,0.000000e+00,0.000000e+00,0.000000e+00,1.816314e-15,0.000000e+00,0.000000e+00,0.000000e+00,0.000000e+00

# Element ID: 42
0.000000e+00,1.816314e-15,0.000000e+00,0.000000e+00,0.000000e+00,0.000000e+00,0.000000e+00,1.708425e-15,0.000000e+00,0.000000e+00,0.000000e+00,0.000000e+00

# Element ID: 43
0.000000e+00,1.708425e-15,0.000000e+00,0.000000e+00,0.000000e+00,0.000000e+00,0.000000e+00,1.606967e-15,0.000000e+00,0.000000e+00,0.000000e+00,0.000000e+00

# Element ID: 44
0.000000e+00,1.606967e-15,0.000000e+00,0.000000e+00,0.000000e+00,0.000000e+00,0.000000e+00,1.511541e-15,0.000000e+00,0.000000e+00,0.000000e+00,0.000000e+00

# Element ID: 45
0.000000e+00,1.511541e-15,0.000000e+00,0.000000e+00,0.000000e+00,0.000000e+00,0.000000e+00,1.421785e-15,0.000000e+00,0.000000e+00,0.000000e+00,0.000000e+00

# Element ID: 46
0.000000e+00,1.421785e-15,0.000000e+00,0.000000e+00,0.000000e+00,0.000000e+00,0.000000e+00,1.337348e-15,0.000000e+00,0.000000e+00,0.000000e+00,0.000000e+00

# Element ID: 47
0.000000e+00,1.337348e-15,0.000000e+00,0.000000e+00,0.000000e+00,0.000000e+00,0.000000e+00,1.257913e-15,0.000000e+00,0.000000e+00,0.000000e+00,0.000000e+00

# Element ID: 48
0.000000e+00,1.257913e-15,0.000000e+00,0.000000e+00,0.000000e+00,0.000000e+00,0.000000e+00,5.641354e-16,0.000000e+00,0.000000e+00,0.000000e+00,0.000000e+00
