[element_types]
EulerBernoulliBeamElement

[node_ids]   [x]          [y]        [z]        [connectivity]
1            0.000000     0.0        0.0        (1, 2)
2            0.008008     0.0        0.0        (2, 3)
3            0.016016     0.0        0.0        (3, 4)
4            0.024024     0.0        0.0        (4, 5)
5            0.032032     0.0        0.0        (5, 6)
6            0.040040     0.0        0.0        (6, 7)
7            0.048048     0.0        0.0        (7, 8)
8            0.056056     0.0        0.0        (8, 9)
9            0.064064     0.0        0.0        (9, 10)
10           0.072072     0.0        0.0        (10, 11)
11           0.080080     0.0        0.0        (11, 12)
12           0.088088     0.0        0.0        (12, 13)
13           0.096096     0.0        0.0        (13, 14)
14           0.104104     0.0        0.0        (14, 15)
15           0.112112     0.0        0.0        (15, 16)
16           0.120120     0.0        0.0        (16, 17)
17           0.128128     0.0        0.0        (17, 18)
18           0.136136     0.0        0.0        (18, 19)
19           0.144144     0.0        0.0        (19, 20)
20           0.152152     0.0        0.0        (20, 21)
21           0.160160     0.0        0.0        (21, 22)
22           0.168168     0.0        0.0        (22, 23)
23           0.176176     0.0        0.0        (23, 24)
24           0.184184     0.0        0.0        (24, 25)
25           0.192192     0.0        0.0        (25, 26)
26           0.200200     0.0        0.0        (26, 27)
27           0.208208     0.0        0.0        (27, 28)
28           0.216216     0.0        0.0        (28, 29)
29           0.224224     0.0        0.0        (29, 30)
30           0.232232     0.0        0.0        (30, 31)
31           0.240240     0.0        0.0        (31, 32)
32           0.248248     0.0        0.0        (32, 33)
33           0.256256     0.0        0.0        (33, 34)
34           0.264264     0.0        0.0        (34, 35)
35           0.272272     0.0        0.0        (35, 36)
36           0.280280     0.0        0.0        (36, 37)
37           0.288288     0.0        0.0        (37, 38)
38           0.296296     0.0        0.0        (38, 39)
39           0.304304     0.0        0.0        (39, 40)
40           0.312312     0.0        0.0        (40, 41)
41           0.320320     0.0        0.0        (41, 42)
42           0.328328     0.0        0.0        (42, 43)
43           0.336336     0.0        0.0        (43, 44)
44           0.344344     0.0        0.0        (44, 45)
45           0.352352     0.0        0.0        (45, 46)
46           0.360360     0.0        0.0        (46, 47)
47           0.368368     0.0        0.0        (47, 48)
48           0.376376     0.0        0.0        (48, 49)
49           0.384384     0.0        0.0        (49, 50)
50           0.392392     0.0        0.0        (50, 51)
51           0.400400     0.0        0.0        (51, 52)
52           0.408408     0.0        0.0        (52, 53)
53           0.416416     0.0        0.0        (53, 54)
54           0.424424     0.0        0.0        (54, 55)
55           0.432432     0.0        0.0        (55, 56)
56           0.440440     0.0        0.0        (56, 57)
57           0.448448     0.0        0.0        (57, 58)
58           0.456456     0.0        0.0        (58, 59)
59           0.464464     0.0        0.0        (59, 60)
60           0.472472     0.0        0.0        (60, 61)
61           0.480480     0.0        0.0        (61, 62)
62           0.488488     0.0        0.0        (62, 63)
63           0.496496     0.0        0.0        (63, 64)
64           0.504505     0.0        0.0        (64, 65)
65           0.512513     0.0        0.0        (65, 66)
66           0.520521     0.0        0.0        (66, 67)
67           0.528529     0.0        0.0        (67, 68)
68           0.536537     0.0        0.0        (68, 69)
69           0.544545     0.0        0.0        (69, 70)
70           0.552553     0.0        0.0        (70, 71)
71           0.560561     0.0        0.0        (71, 72)
72           0.568569     0.0        0.0        (72, 73)
73           0.576577     0.0        0.0        (73, 74)
74           0.584585     0.0        0.0        (74, 75)
75           0.592593     0.0        0.0        (75, 76)
76           0.600601     0.0        0.0        (76, 77)
77           0.608609     0.0        0.0        (77, 78)
78           0.616617     0.0        0.0        (78, 79)
79           0.624625     0.0        0.0        (79, 80)
80           0.632633     0.0        0.0        (80, 81)
81           0.640641     0.0        0.0        (81, 82)
82           0.648649     0.0        0.0        (82, 83)
83           0.656657     0.0        0.0        (83, 84)
84           0.664665     0.0        0.0        (84, 85)
85           0.672673     0.0        0.0        (85, 86)
86           0.680681     0.0        0.0        (86, 87)
87           0.688689     0.0        0.0        (87, 88)
88           0.696697     0.0        0.0        (88, 89)
89           0.704705     0.0        0.0        (89, 90)
90           0.712713     0.0        0.0        (90, 91)
91           0.720721     0.0        0.0        (91, 92)
92           0.728729     0.0        0.0        (92, 93)
93           0.736737     0.0        0.0        (93, 94)
94           0.744745     0.0        0.0        (94, 95)
95           0.752753     0.0        0.0        (95, 96)
96           0.760761     0.0        0.0        (96, 97)
97           0.768769     0.0        0.0        (97, 98)
98           0.776777     0.0        0.0        (98, 99)
99           0.784785     0.0        0.0        (99, 100)
100          0.792793     0.0        0.0        (100, 101)
101          0.800801     0.0        0.0        (101, 102)
102          0.808809     0.0        0.0        (102, 103)
103          0.816817     0.0        0.0        (103, 104)
104          0.824825     0.0        0.0        (104, 105)
105          0.832833     0.0        0.0        (105, 106)
106          0.840841     0.0        0.0        (106, 107)
107          0.848849     0.0        0.0        (107, 108)
108          0.856857     0.0        0.0        (108, 109)
109          0.864865     0.0        0.0        (109, 110)
110          0.872873     0.0        0.0        (110, 111)
111          0.880881     0.0        0.0        (111, 112)
112          0.888889     0.0        0.0        (112, 113)
113          0.896897     0.0        0.0        (113, 114)
114          0.904905     0.0        0.0        (114, 115)
115          0.912913     0.0        0.0        (115, 116)
116          0.920921     0.0        0.0        (116, 117)
117          0.928929     0.0        0.0        (117, 118)
118          0.936937     0.0        0.0        (118, 119)
119          0.944945     0.0        0.0        (119, 120)
120          0.952953     0.0        0.0        (120, 121)
121          0.960961     0.0        0.0        (121, 122)
122          0.968969     0.0        0.0        (122, 123)
123          0.976977     0.0        0.0        (123, 124)
124          0.984985     0.0        0.0        (124, 125)
125          0.992993     0.0        0.0        (125, 126)
126          1.001001     0.0        0.0        (126, 127)
127          1.009009     0.0        0.0        (127, 128)
128          1.017017     0.0        0.0        (128, 129)
129          1.025025     0.0        0.0        (129, 130)
130          1.033033     0.0        0.0        (130, 131)
131          1.041041     0.0        0.0        (131, 132)
132          1.049049     0.0        0.0        (132, 133)
133          1.057057     0.0        0.0        (133, 134)
134          1.065065     0.0        0.0        (134, 135)
135          1.073073     0.0        0.0        (135, 136)
136          1.081081     0.0        0.0        (136, 137)
137          1.089089     0.0        0.0        (137, 138)
138          1.097097     0.0        0.0        (138, 139)
139          1.105105     0.0        0.0        (139, 140)
140          1.113113     0.0        0.0        (140, 141)
141          1.121121     0.0        0.0        (141, 142)
142          1.129129     0.0        0.0        (142, 143)
143          1.137137     0.0        0.0        (143, 144)
144          1.145145     0.0        0.0        (144, 145)
145          1.153153     0.0        0.0        (145, 146)
146          1.161161     0.0        0.0        (146, 147)
147          1.169169     0.0        0.0        (147, 148)
148          1.177177     0.0        0.0        (148, 149)
149          1.185185     0.0        0.0        (149, 150)
150          1.193193     0.0        0.0        (150, 151)
151          1.201201     0.0        0.0        (151, 152)
152          1.209209     0.0        0.0        (152, 153)
153          1.217217     0.0        0.0        (153, 154)
154          1.225225     0.0        0.0        (154, 155)
155          1.233233     0.0        0.0        (155, 156)
156          1.241241     0.0        0.0        (156, 157)
157          1.249249     0.0        0.0        (157, 158)
158          1.257257     0.0        0.0        (158, 159)
159          1.265265     0.0        0.0        (159, 160)
160          1.273273     0.0        0.0        (160, 161)
161          1.281281     0.0        0.0        (161, 162)
162          1.289289     0.0        0.0        (162, 163)
163          1.297297     0.0        0.0        (163, 164)
164          1.305305     0.0        0.0        (164, 165)
165          1.313313     0.0        0.0        (165, 166)
166          1.321321     0.0        0.0        (166, 167)
167          1.329329     0.0        0.0        (167, 168)
168          1.337337     0.0        0.0        (168, 169)
169          1.345345     0.0        0.0        (169, 170)
170          1.353353     0.0        0.0        (170, 171)
171          1.361361     0.0        0.0        (171, 172)
172          1.369369     0.0        0.0        (172, 173)
173          1.377377     0.0        0.0        (173, 174)
174          1.385385     0.0        0.0        (174, 175)
175          1.393393     0.0        0.0        (175, 176)
176          1.401401     0.0        0.0        (176, 177)
177          1.409409     0.0        0.0        (177, 178)
178          1.417417     0.0        0.0        (178, 179)
179          1.425425     0.0        0.0        (179, 180)
180          1.433433     0.0        0.0        (180, 181)
181          1.441441     0.0        0.0        (181, 182)
182          1.449449     0.0        0.0        (182, 183)
183          1.457457     0.0        0.0        (183, 184)
184          1.465465     0.0        0.0        (184, 185)
185          1.473473     0.0        0.0        (185, 186)
186          1.481481     0.0        0.0        (186, 187)
187          1.489489     0.0        0.0        (187, 188)
188          1.497497     0.0        0.0        (188, 189)
189          1.505506     0.0        0.0        (189, 190)
190          1.513514     0.0        0.0        (190, 191)
191          1.521522     0.0        0.0        (191, 192)
192          1.529530     0.0        0.0        (192, 193)
193          1.537538     0.0        0.0        (193, 194)
194          1.545546     0.0        0.0        (194, 195)
195          1.553554     0.0        0.0        (195, 196)
196          1.561562     0.0        0.0        (196, 197)
197          1.569570     0.0        0.0        (197, 198)
198          1.577578     0.0        0.0        (198, 199)
199          1.585586     0.0        0.0        (199, 200)
200          1.593594     0.0        0.0        (200, 201)
201          1.601602     0.0        0.0        (201, 202)
202          1.609610     0.0        0.0        (202, 203)
203          1.617618     0.0        0.0        (203, 204)
204          1.625626     0.0        0.0        (204, 205)
205          1.633634     0.0        0.0        (205, 206)
206          1.641642     0.0        0.0        (206, 207)
207          1.649650     0.0        0.0        (207, 208)
208          1.657658     0.0        0.0        (208, 209)
209          1.665666     0.0        0.0        (209, 210)
210          1.673674     0.0        0.0        (210, 211)
211          1.681682     0.0        0.0        (211, 212)
212          1.689690     0.0        0.0        (212, 213)
213          1.697698     0.0        0.0        (213, 214)
214          1.705706     0.0        0.0        (214, 215)
215          1.713714     0.0        0.0        (215, 216)
216          1.721722     0.0        0.0        (216, 217)
217          1.729730     0.0        0.0        (217, 218)
218          1.737738     0.0        0.0        (218, 219)
219          1.745746     0.0        0.0        (219, 220)
220          1.753754     0.0        0.0        (220, 221)
221          1.761762     0.0        0.0        (221, 222)
222          1.769770     0.0        0.0        (222, 223)
223          1.777778     0.0        0.0        (223, 224)
224          1.785786     0.0        0.0        (224, 225)
225          1.793794     0.0        0.0        (225, 226)
226          1.801802     0.0        0.0        (226, 227)
227          1.809810     0.0        0.0        (227, 228)
228          1.817818     0.0        0.0        (228, 229)
229          1.825826     0.0        0.0        (229, 230)
230          1.833834     0.0        0.0        (230, 231)
231          1.841842     0.0        0.0        (231, 232)
232          1.849850     0.0        0.0        (232, 233)
233          1.857858     0.0        0.0        (233, 234)
234          1.865866     0.0        0.0        (234, 235)
235          1.873874     0.0        0.0        (235, 236)
236          1.881882     0.0        0.0        (236, 237)
237          1.889890     0.0        0.0        (237, 238)
238          1.897898     0.0        0.0        (238, 239)
239          1.905906     0.0        0.0        (239, 240)
240          1.913914     0.0        0.0        (240, 241)
241          1.921922     0.0        0.0        (241, 242)
242          1.929930     0.0        0.0        (242, 243)
243          1.937938     0.0        0.0        (243, 244)
244          1.945946     0.0        0.0        (244, 245)
245          1.953954     0.0        0.0        (245, 246)
246          1.961962     0.0        0.0        (246, 247)
247          1.969970     0.0        0.0        (247, 248)
248          1.977978     0.0        0.0        (248, 249)
249          1.985986     0.0        0.0        (249, 250)
250          1.993994     0.0        0.0        (250, 251)
251          2.002002     0.0        0.0        (251, 252)
252          2.010010     0.0        0.0        (252, 253)
253          2.018018     0.0        0.0        (253, 254)
254          2.026026     0.0        0.0        (254, 255)
255          2.034034     0.0        0.0        (255, 256)
256          2.042042     0.0        0.0        (256, 257)
257          2.050050     0.0        0.0        (257, 258)
258          2.058058     0.0        0.0        (258, 259)
259          2.066066     0.0        0.0        (259, 260)
260          2.074074     0.0        0.0        (260, 261)
261          2.082082     0.0        0.0        (261, 262)
262          2.090090     0.0        0.0        (262, 263)
263          2.098098     0.0        0.0        (263, 264)
264          2.106106     0.0        0.0        (264, 265)
265          2.114114     0.0        0.0        (265, 266)
266          2.122122     0.0        0.0        (266, 267)
267          2.130130     0.0        0.0        (267, 268)
268          2.138138     0.0        0.0        (268, 269)
269          2.146146     0.0        0.0        (269, 270)
270          2.154154     0.0        0.0        (270, 271)
271          2.162162     0.0        0.0        (271, 272)
272          2.170170     0.0        0.0        (272, 273)
273          2.178178     0.0        0.0        (273, 274)
274          2.186186     0.0        0.0        (274, 275)
275          2.194194     0.0        0.0        (275, 276)
276          2.202202     0.0        0.0        (276, 277)
277          2.210210     0.0        0.0        (277, 278)
278          2.218218     0.0        0.0        (278, 279)
279          2.226226     0.0        0.0        (279, 280)
280          2.234234     0.0        0.0        (280, 281)
281          2.242242     0.0        0.0        (281, 282)
282          2.250250     0.0        0.0        (282, 283)
283          2.258258     0.0        0.0        (283, 284)
284          2.266266     0.0        0.0        (284, 285)
285          2.274274     0.0        0.0        (285, 286)
286          2.282282     0.0        0.0        (286, 287)
287          2.290290     0.0        0.0        (287, 288)
288          2.298298     0.0        0.0        (288, 289)
289          2.306306     0.0        0.0        (289, 290)
290          2.314314     0.0        0.0        (290, 291)
291          2.322322     0.0        0.0        (291, 292)
292          2.330330     0.0        0.0        (292, 293)
293          2.338338     0.0        0.0        (293, 294)
294          2.346346     0.0        0.0        (294, 295)
295          2.354354     0.0        0.0        (295, 296)
296          2.362362     0.0        0.0        (296, 297)
297          2.370370     0.0        0.0        (297, 298)
298          2.378378     0.0        0.0        (298, 299)
299          2.386386     0.0        0.0        (299, 300)
300          2.394394     0.0        0.0        (300, 301)
301          2.402402     0.0        0.0        (301, 302)
302          2.410410     0.0        0.0        (302, 303)
303          2.418418     0.0        0.0        (303, 304)
304          2.426426     0.0        0.0        (304, 305)
305          2.434434     0.0        0.0        (305, 306)
306          2.442442     0.0        0.0        (306, 307)
307          2.450450     0.0        0.0        (307, 308)
308          2.458458     0.0        0.0        (308, 309)
309          2.466466     0.0        0.0        (309, 310)
310          2.474474     0.0        0.0        (310, 311)
311          2.482482     0.0        0.0        (311, 312)
312          2.490490     0.0        0.0        (312, 313)
313          2.498498     0.0        0.0        (313, 314)
314          2.506507     0.0        0.0        (314, 315)
315          2.514515     0.0        0.0        (315, 316)
316          2.522523     0.0        0.0        (316, 317)
317          2.530531     0.0        0.0        (317, 318)
318          2.538539     0.0        0.0        (318, 319)
319          2.546547     0.0        0.0        (319, 320)
320          2.554555     0.0        0.0        (320, 321)
321          2.562563     0.0        0.0        (321, 322)
322          2.570571     0.0        0.0        (322, 323)
323          2.578579     0.0        0.0        (323, 324)
324          2.586587     0.0        0.0        (324, 325)
325          2.594595     0.0        0.0        (325, 326)
326          2.602603     0.0        0.0        (326, 327)
327          2.610611     0.0        0.0        (327, 328)
328          2.618619     0.0        0.0        (328, 329)
329          2.626627     0.0        0.0        (329, 330)
330          2.634635     0.0        0.0        (330, 331)
331          2.642643     0.0        0.0        (331, 332)
332          2.650651     0.0        0.0        (332, 333)
333          2.658659     0.0        0.0        (333, 334)
334          2.666667     0.0        0.0        (334, 335)
335          2.674675     0.0        0.0        (335, 336)
336          2.682683     0.0        0.0        (336, 337)
337          2.690691     0.0        0.0        (337, 338)
338          2.698699     0.0        0.0        (338, 339)
339          2.706707     0.0        0.0        (339, 340)
340          2.714715     0.0        0.0        (340, 341)
341          2.722723     0.0        0.0        (341, 342)
342          2.730731     0.0        0.0        (342, 343)
343          2.738739     0.0        0.0        (343, 344)
344          2.746747     0.0        0.0        (344, 345)
345          2.754755     0.0        0.0        (345, 346)
346          2.762763     0.0        0.0        (346, 347)
347          2.770771     0.0        0.0        (347, 348)
348          2.778779     0.0        0.0        (348, 349)
349          2.786787     0.0        0.0        (349, 350)
350          2.794795     0.0        0.0        (350, 351)
351          2.802803     0.0        0.0        (351, 352)
352          2.810811     0.0        0.0        (352, 353)
353          2.818819     0.0        0.0        (353, 354)
354          2.826827     0.0        0.0        (354, 355)
355          2.834835     0.0        0.0        (355, 356)
356          2.842843     0.0        0.0        (356, 357)
357          2.850851     0.0        0.0        (357, 358)
358          2.858859     0.0        0.0        (358, 359)
359          2.866867     0.0        0.0        (359, 360)
360          2.874875     0.0        0.0        (360, 361)
361          2.882883     0.0        0.0        (361, 362)
362          2.890891     0.0        0.0        (362, 363)
363          2.898899     0.0        0.0        (363, 364)
364          2.906907     0.0        0.0        (364, 365)
365          2.914915     0.0        0.0        (365, 366)
366          2.922923     0.0        0.0        (366, 367)
367          2.930931     0.0        0.0        (367, 368)
368          2.938939     0.0        0.0        (368, 369)
369          2.946947     0.0        0.0        (369, 370)
370          2.954955     0.0        0.0        (370, 371)
371          2.962963     0.0        0.0        (371, 372)
372          2.970971     0.0        0.0        (372, 373)
373          2.978979     0.0        0.0        (373, 374)
374          2.986987     0.0        0.0        (374, 375)
375          2.994995     0.0        0.0        (375, 376)
376          3.003003     0.0        0.0        (376, 377)
377          3.011011     0.0        0.0        (377, 378)
378          3.019019     0.0        0.0        (378, 379)
379          3.027027     0.0        0.0        (379, 380)
380          3.035035     0.0        0.0        (380, 381)
381          3.043043     0.0        0.0        (381, 382)
382          3.051051     0.0        0.0        (382, 383)
383          3.059059     0.0        0.0        (383, 384)
384          3.067067     0.0        0.0        (384, 385)
385          3.075075     0.0        0.0        (385, 386)
386          3.083083     0.0        0.0        (386, 387)
387          3.091091     0.0        0.0        (387, 388)
388          3.099099     0.0        0.0        (388, 389)
389          3.107107     0.0        0.0        (389, 390)
390          3.115115     0.0        0.0        (390, 391)
391          3.123123     0.0        0.0        (391, 392)
392          3.131131     0.0        0.0        (392, 393)
393          3.139139     0.0        0.0        (393, 394)
394          3.147147     0.0        0.0        (394, 395)
395          3.155155     0.0        0.0        (395, 396)
396          3.163163     0.0        0.0        (396, 397)
397          3.171171     0.0        0.0        (397, 398)
398          3.179179     0.0        0.0        (398, 399)
399          3.187187     0.0        0.0        (399, 400)
400          3.195195     0.0        0.0        (400, 401)
401          3.203203     0.0        0.0        (401, 402)
402          3.211211     0.0        0.0        (402, 403)
403          3.219219     0.0        0.0        (403, 404)
404          3.227227     0.0        0.0        (404, 405)
405          3.235235     0.0        0.0        (405, 406)
406          3.243243     0.0        0.0        (406, 407)
407          3.251251     0.0        0.0        (407, 408)
408          3.259259     0.0        0.0        (408, 409)
409          3.267267     0.0        0.0        (409, 410)
410          3.275275     0.0        0.0        (410, 411)
411          3.283283     0.0        0.0        (411, 412)
412          3.291291     0.0        0.0        (412, 413)
413          3.299299     0.0        0.0        (413, 414)
414          3.307307     0.0        0.0        (414, 415)
415          3.315315     0.0        0.0        (415, 416)
416          3.323323     0.0        0.0        (416, 417)
417          3.331331     0.0        0.0        (417, 418)
418          3.339339     0.0        0.0        (418, 419)
419          3.347347     0.0        0.0        (419, 420)
420          3.355355     0.0        0.0        (420, 421)
421          3.363363     0.0        0.0        (421, 422)
422          3.371371     0.0        0.0        (422, 423)
423          3.379379     0.0        0.0        (423, 424)
424          3.387387     0.0        0.0        (424, 425)
425          3.395395     0.0        0.0        (425, 426)
426          3.403403     0.0        0.0        (426, 427)
427          3.411411     0.0        0.0        (427, 428)
428          3.419419     0.0        0.0        (428, 429)
429          3.427427     0.0        0.0        (429, 430)
430          3.435435     0.0        0.0        (430, 431)
431          3.443443     0.0        0.0        (431, 432)
432          3.451451     0.0        0.0        (432, 433)
433          3.459459     0.0        0.0        (433, 434)
434          3.467467     0.0        0.0        (434, 435)
435          3.475475     0.0        0.0        (435, 436)
436          3.483483     0.0        0.0        (436, 437)
437          3.491491     0.0        0.0        (437, 438)
438          3.499499     0.0        0.0        (438, 439)
439          3.507508     0.0        0.0        (439, 440)
440          3.515516     0.0        0.0        (440, 441)
441          3.523524     0.0        0.0        (441, 442)
442          3.531532     0.0        0.0        (442, 443)
443          3.539540     0.0        0.0        (443, 444)
444          3.547548     0.0        0.0        (444, 445)
445          3.555556     0.0        0.0        (445, 446)
446          3.563564     0.0        0.0        (446, 447)
447          3.571572     0.0        0.0        (447, 448)
448          3.579580     0.0        0.0        (448, 449)
449          3.587588     0.0        0.0        (449, 450)
450          3.595596     0.0        0.0        (450, 451)
451          3.603604     0.0        0.0        (451, 452)
452          3.611612     0.0        0.0        (452, 453)
453          3.619620     0.0        0.0        (453, 454)
454          3.627628     0.0        0.0        (454, 455)
455          3.635636     0.0        0.0        (455, 456)
456          3.643644     0.0        0.0        (456, 457)
457          3.651652     0.0        0.0        (457, 458)
458          3.659660     0.0        0.0        (458, 459)
459          3.667668     0.0        0.0        (459, 460)
460          3.675676     0.0        0.0        (460, 461)
461          3.683684     0.0        0.0        (461, 462)
462          3.691692     0.0        0.0        (462, 463)
463          3.699700     0.0        0.0        (463, 464)
464          3.707708     0.0        0.0        (464, 465)
465          3.715716     0.0        0.0        (465, 466)
466          3.723724     0.0        0.0        (466, 467)
467          3.731732     0.0        0.0        (467, 468)
468          3.739740     0.0        0.0        (468, 469)
469          3.747748     0.0        0.0        (469, 470)
470          3.755756     0.0        0.0        (470, 471)
471          3.763764     0.0        0.0        (471, 472)
472          3.771772     0.0        0.0        (472, 473)
473          3.779780     0.0        0.0        (473, 474)
474          3.787788     0.0        0.0        (474, 475)
475          3.795796     0.0        0.0        (475, 476)
476          3.803804     0.0        0.0        (476, 477)
477          3.811812     0.0        0.0        (477, 478)
478          3.819820     0.0        0.0        (478, 479)
479          3.827828     0.0        0.0        (479, 480)
480          3.835836     0.0        0.0        (480, 481)
481          3.843844     0.0        0.0        (481, 482)
482          3.851852     0.0        0.0        (482, 483)
483          3.859860     0.0        0.0        (483, 484)
484          3.867868     0.0        0.0        (484, 485)
485          3.875876     0.0        0.0        (485, 486)
486          3.883884     0.0        0.0        (486, 487)
487          3.891892     0.0        0.0        (487, 488)
488          3.899900     0.0        0.0        (488, 489)
489          3.907908     0.0        0.0        (489, 490)
490          3.915916     0.0        0.0        (490, 491)
491          3.923924     0.0        0.0        (491, 492)
492          3.931932     0.0        0.0        (492, 493)
493          3.939940     0.0        0.0        (493, 494)
494          3.947948     0.0        0.0        (494, 495)
495          3.955956     0.0        0.0        (495, 496)
496          3.963964     0.0        0.0        (496, 497)
497          3.971972     0.0        0.0        (497, 498)
498          3.979980     0.0        0.0        (498, 499)
499          3.987988     0.0        0.0        (499, 500)
500          3.995996     0.0        0.0        (500, 501)
501          4.004004     0.0        0.0        (501, 502)
502          4.012012     0.0        0.0        (502, 503)
503          4.020020     0.0        0.0        (503, 504)
504          4.028028     0.0        0.0        (504, 505)
505          4.036036     0.0        0.0        (505, 506)
506          4.044044     0.0        0.0        (506, 507)
507          4.052052     0.0        0.0        (507, 508)
508          4.060060     0.0        0.0        (508, 509)
509          4.068068     0.0        0.0        (509, 510)
510          4.076076     0.0        0.0        (510, 511)
511          4.084084     0.0        0.0        (511, 512)
512          4.092092     0.0        0.0        (512, 513)
513          4.100100     0.0        0.0        (513, 514)
514          4.108108     0.0        0.0        (514, 515)
515          4.116116     0.0        0.0        (515, 516)
516          4.124124     0.0        0.0        (516, 517)
517          4.132132     0.0        0.0        (517, 518)
518          4.140140     0.0        0.0        (518, 519)
519          4.148148     0.0        0.0        (519, 520)
520          4.156156     0.0        0.0        (520, 521)
521          4.164164     0.0        0.0        (521, 522)
522          4.172172     0.0        0.0        (522, 523)
523          4.180180     0.0        0.0        (523, 524)
524          4.188188     0.0        0.0        (524, 525)
525          4.196196     0.0        0.0        (525, 526)
526          4.204204     0.0        0.0        (526, 527)
527          4.212212     0.0        0.0        (527, 528)
528          4.220220     0.0        0.0        (528, 529)
529          4.228228     0.0        0.0        (529, 530)
530          4.236236     0.0        0.0        (530, 531)
531          4.244244     0.0        0.0        (531, 532)
532          4.252252     0.0        0.0        (532, 533)
533          4.260260     0.0        0.0        (533, 534)
534          4.268268     0.0        0.0        (534, 535)
535          4.276276     0.0        0.0        (535, 536)
536          4.284284     0.0        0.0        (536, 537)
537          4.292292     0.0        0.0        (537, 538)
538          4.300300     0.0        0.0        (538, 539)
539          4.308308     0.0        0.0        (539, 540)
540          4.316316     0.0        0.0        (540, 541)
541          4.324324     0.0        0.0        (541, 542)
542          4.332332     0.0        0.0        (542, 543)
543          4.340340     0.0        0.0        (543, 544)
544          4.348348     0.0        0.0        (544, 545)
545          4.356356     0.0        0.0        (545, 546)
546          4.364364     0.0        0.0        (546, 547)
547          4.372372     0.0        0.0        (547, 548)
548          4.380380     0.0        0.0        (548, 549)
549          4.388388     0.0        0.0        (549, 550)
550          4.396396     0.0        0.0        (550, 551)
551          4.404404     0.0        0.0        (551, 552)
552          4.412412     0.0        0.0        (552, 553)
553          4.420420     0.0        0.0        (553, 554)
554          4.428428     0.0        0.0        (554, 555)
555          4.436436     0.0        0.0        (555, 556)
556          4.444444     0.0        0.0        (556, 557)
557          4.452452     0.0        0.0        (557, 558)
558          4.460460     0.0        0.0        (558, 559)
559          4.468468     0.0        0.0        (559, 560)
560          4.476476     0.0        0.0        (560, 561)
561          4.484484     0.0        0.0        (561, 562)
562          4.492492     0.0        0.0        (562, 563)
563          4.500501     0.0        0.0        (563, 564)
564          4.508509     0.0        0.0        (564, 565)
565          4.516517     0.0        0.0        (565, 566)
566          4.524525     0.0        0.0        (566, 567)
567          4.532533     0.0        0.0        (567, 568)
568          4.540541     0.0        0.0        (568, 569)
569          4.548549     0.0        0.0        (569, 570)
570          4.556557     0.0        0.0        (570, 571)
571          4.564565     0.0        0.0        (571, 572)
572          4.572573     0.0        0.0        (572, 573)
573          4.580581     0.0        0.0        (573, 574)
574          4.588589     0.0        0.0        (574, 575)
575          4.596597     0.0        0.0        (575, 576)
576          4.604605     0.0        0.0        (576, 577)
577          4.612613     0.0        0.0        (577, 578)
578          4.620621     0.0        0.0        (578, 579)
579          4.628629     0.0        0.0        (579, 580)
580          4.636637     0.0        0.0        (580, 581)
581          4.644645     0.0        0.0        (581, 582)
582          4.652653     0.0        0.0        (582, 583)
583          4.660661     0.0        0.0        (583, 584)
584          4.668669     0.0        0.0        (584, 585)
585          4.676677     0.0        0.0        (585, 586)
586          4.684685     0.0        0.0        (586, 587)
587          4.692693     0.0        0.0        (587, 588)
588          4.700701     0.0        0.0        (588, 589)
589          4.708709     0.0        0.0        (589, 590)
590          4.716717     0.0        0.0        (590, 591)
591          4.724725     0.0        0.0        (591, 592)
592          4.732733     0.0        0.0        (592, 593)
593          4.740741     0.0        0.0        (593, 594)
594          4.748749     0.0        0.0        (594, 595)
595          4.756757     0.0        0.0        (595, 596)
596          4.764765     0.0        0.0        (596, 597)
597          4.772773     0.0        0.0        (597, 598)
598          4.780781     0.0        0.0        (598, 599)
599          4.788789     0.0        0.0        (599, 600)
600          4.796797     0.0        0.0        (600, 601)
601          4.804805     0.0        0.0        (601, 602)
602          4.812813     0.0        0.0        (602, 603)
603          4.820821     0.0        0.0        (603, 604)
604          4.828829     0.0        0.0        (604, 605)
605          4.836837     0.0        0.0        (605, 606)
606          4.844845     0.0        0.0        (606, 607)
607          4.852853     0.0        0.0        (607, 608)
608          4.860861     0.0        0.0        (608, 609)
609          4.868869     0.0        0.0        (609, 610)
610          4.876877     0.0        0.0        (610, 611)
611          4.884885     0.0        0.0        (611, 612)
612          4.892893     0.0        0.0        (612, 613)
613          4.900901     0.0        0.0        (613, 614)
614          4.908909     0.0        0.0        (614, 615)
615          4.916917     0.0        0.0        (615, 616)
616          4.924925     0.0        0.0        (616, 617)
617          4.932933     0.0        0.0        (617, 618)
618          4.940941     0.0        0.0        (618, 619)
619          4.948949     0.0        0.0        (619, 620)
620          4.956957     0.0        0.0        (620, 621)
621          4.964965     0.0        0.0        (621, 622)
622          4.972973     0.0        0.0        (622, 623)
623          4.980981     0.0        0.0        (623, 624)
624          4.988989     0.0        0.0        (624, 625)
625          4.996997     0.0        0.0        (625, 626)
626          5.005005     0.0        0.0        (626, 627)
627          5.013013     0.0        0.0        (627, 628)
628          5.021021     0.0        0.0        (628, 629)
629          5.029029     0.0        0.0        (629, 630)
630          5.037037     0.0        0.0        (630, 631)
631          5.045045     0.0        0.0        (631, 632)
632          5.053053     0.0        0.0        (632, 633)
633          5.061061     0.0        0.0        (633, 634)
634          5.069069     0.0        0.0        (634, 635)
635          5.077077     0.0        0.0        (635, 636)
636          5.085085     0.0        0.0        (636, 637)
637          5.093093     0.0        0.0        (637, 638)
638          5.101101     0.0        0.0        (638, 639)
639          5.109109     0.0        0.0        (639, 640)
640          5.117117     0.0        0.0        (640, 641)
641          5.125125     0.0        0.0        (641, 642)
642          5.133133     0.0        0.0        (642, 643)
643          5.141141     0.0        0.0        (643, 644)
644          5.149149     0.0        0.0        (644, 645)
645          5.157157     0.0        0.0        (645, 646)
646          5.165165     0.0        0.0        (646, 647)
647          5.173173     0.0        0.0        (647, 648)
648          5.181181     0.0        0.0        (648, 649)
649          5.189189     0.0        0.0        (649, 650)
650          5.197197     0.0        0.0        (650, 651)
651          5.205205     0.0        0.0        (651, 652)
652          5.213213     0.0        0.0        (652, 653)
653          5.221221     0.0        0.0        (653, 654)
654          5.229229     0.0        0.0        (654, 655)
655          5.237237     0.0        0.0        (655, 656)
656          5.245245     0.0        0.0        (656, 657)
657          5.253253     0.0        0.0        (657, 658)
658          5.261261     0.0        0.0        (658, 659)
659          5.269269     0.0        0.0        (659, 660)
660          5.277277     0.0        0.0        (660, 661)
661          5.285285     0.0        0.0        (661, 662)
662          5.293293     0.0        0.0        (662, 663)
663          5.301301     0.0        0.0        (663, 664)
664          5.309309     0.0        0.0        (664, 665)
665          5.317317     0.0        0.0        (665, 666)
666          5.325325     0.0        0.0        (666, 667)
667          5.333333     0.0        0.0        (667, 668)
668          5.341341     0.0        0.0        (668, 669)
669          5.349349     0.0        0.0        (669, 670)
670          5.357357     0.0        0.0        (670, 671)
671          5.365365     0.0        0.0        (671, 672)
672          5.373373     0.0        0.0        (672, 673)
673          5.381381     0.0        0.0        (673, 674)
674          5.389389     0.0        0.0        (674, 675)
675          5.397397     0.0        0.0        (675, 676)
676          5.405405     0.0        0.0        (676, 677)
677          5.413413     0.0        0.0        (677, 678)
678          5.421421     0.0        0.0        (678, 679)
679          5.429429     0.0        0.0        (679, 680)
680          5.437437     0.0        0.0        (680, 681)
681          5.445445     0.0        0.0        (681, 682)
682          5.453453     0.0        0.0        (682, 683)
683          5.461461     0.0        0.0        (683, 684)
684          5.469469     0.0        0.0        (684, 685)
685          5.477477     0.0        0.0        (685, 686)
686          5.485485     0.0        0.0        (686, 687)
687          5.493493     0.0        0.0        (687, 688)
688          5.501502     0.0        0.0        (688, 689)
689          5.509510     0.0        0.0        (689, 690)
690          5.517518     0.0        0.0        (690, 691)
691          5.525526     0.0        0.0        (691, 692)
692          5.533534     0.0        0.0        (692, 693)
693          5.541542     0.0        0.0        (693, 694)
694          5.549550     0.0        0.0        (694, 695)
695          5.557558     0.0        0.0        (695, 696)
696          5.565566     0.0        0.0        (696, 697)
697          5.573574     0.0        0.0        (697, 698)
698          5.581582     0.0        0.0        (698, 699)
699          5.589590     0.0        0.0        (699, 700)
700          5.597598     0.0        0.0        (700, 701)
701          5.605606     0.0        0.0        (701, 702)
702          5.613614     0.0        0.0        (702, 703)
703          5.621622     0.0        0.0        (703, 704)
704          5.629630     0.0        0.0        (704, 705)
705          5.637638     0.0        0.0        (705, 706)
706          5.645646     0.0        0.0        (706, 707)
707          5.653654     0.0        0.0        (707, 708)
708          5.661662     0.0        0.0        (708, 709)
709          5.669670     0.0        0.0        (709, 710)
710          5.677678     0.0        0.0        (710, 711)
711          5.685686     0.0        0.0        (711, 712)
712          5.693694     0.0        0.0        (712, 713)
713          5.701702     0.0        0.0        (713, 714)
714          5.709710     0.0        0.0        (714, 715)
715          5.717718     0.0        0.0        (715, 716)
716          5.725726     0.0        0.0        (716, 717)
717          5.733734     0.0        0.0        (717, 718)
718          5.741742     0.0        0.0        (718, 719)
719          5.749750     0.0        0.0        (719, 720)
720          5.757758     0.0        0.0        (720, 721)
721          5.765766     0.0        0.0        (721, 722)
722          5.773774     0.0        0.0        (722, 723)
723          5.781782     0.0        0.0        (723, 724)
724          5.789790     0.0        0.0        (724, 725)
725          5.797798     0.0        0.0        (725, 726)
726          5.805806     0.0        0.0        (726, 727)
727          5.813814     0.0        0.0        (727, 728)
728          5.821822     0.0        0.0        (728, 729)
729          5.829830     0.0        0.0        (729, 730)
730          5.837838     0.0        0.0        (730, 731)
731          5.845846     0.0        0.0        (731, 732)
732          5.853854     0.0        0.0        (732, 733)
733          5.861862     0.0        0.0        (733, 734)
734          5.869870     0.0        0.0        (734, 735)
735          5.877878     0.0        0.0        (735, 736)
736          5.885886     0.0        0.0        (736, 737)
737          5.893894     0.0        0.0        (737, 738)
738          5.901902     0.0        0.0        (738, 739)
739          5.909910     0.0        0.0        (739, 740)
740          5.917918     0.0        0.0        (740, 741)
741          5.925926     0.0        0.0        (741, 742)
742          5.933934     0.0        0.0        (742, 743)
743          5.941942     0.0        0.0        (743, 744)
744          5.949950     0.0        0.0        (744, 745)
745          5.957958     0.0        0.0        (745, 746)
746          5.965966     0.0        0.0        (746, 747)
747          5.973974     0.0        0.0        (747, 748)
748          5.981982     0.0        0.0        (748, 749)
749          5.989990     0.0        0.0        (749, 750)
750          5.997998     0.0        0.0        (750, 751)
751          6.006006     0.0        0.0        (751, 752)
752          6.014014     0.0        0.0        (752, 753)
753          6.022022     0.0        0.0        (753, 754)
754          6.030030     0.0        0.0        (754, 755)
755          6.038038     0.0        0.0        (755, 756)
756          6.046046     0.0        0.0        (756, 757)
757          6.054054     0.0        0.0        (757, 758)
758          6.062062     0.0        0.0        (758, 759)
759          6.070070     0.0        0.0        (759, 760)
760          6.078078     0.0        0.0        (760, 761)
761          6.086086     0.0        0.0        (761, 762)
762          6.094094     0.0        0.0        (762, 763)
763          6.102102     0.0        0.0        (763, 764)
764          6.110110     0.0        0.0        (764, 765)
765          6.118118     0.0        0.0        (765, 766)
766          6.126126     0.0        0.0        (766, 767)
767          6.134134     0.0        0.0        (767, 768)
768          6.142142     0.0        0.0        (768, 769)
769          6.150150     0.0        0.0        (769, 770)
770          6.158158     0.0        0.0        (770, 771)
771          6.166166     0.0        0.0        (771, 772)
772          6.174174     0.0        0.0        (772, 773)
773          6.182182     0.0        0.0        (773, 774)
774          6.190190     0.0        0.0        (774, 775)
775          6.198198     0.0        0.0        (775, 776)
776          6.206206     0.0        0.0        (776, 777)
777          6.214214     0.0        0.0        (777, 778)
778          6.222222     0.0        0.0        (778, 779)
779          6.230230     0.0        0.0        (779, 780)
780          6.238238     0.0        0.0        (780, 781)
781          6.246246     0.0        0.0        (781, 782)
782          6.254254     0.0        0.0        (782, 783)
783          6.262262     0.0        0.0        (783, 784)
784          6.270270     0.0        0.0        (784, 785)
785          6.278278     0.0        0.0        (785, 786)
786          6.286286     0.0        0.0        (786, 787)
787          6.294294     0.0        0.0        (787, 788)
788          6.302302     0.0        0.0        (788, 789)
789          6.310310     0.0        0.0        (789, 790)
790          6.318318     0.0        0.0        (790, 791)
791          6.326326     0.0        0.0        (791, 792)
792          6.334334     0.0        0.0        (792, 793)
793          6.342342     0.0        0.0        (793, 794)
794          6.350350     0.0        0.0        (794, 795)
795          6.358358     0.0        0.0        (795, 796)
796          6.366366     0.0        0.0        (796, 797)
797          6.374374     0.0        0.0        (797, 798)
798          6.382382     0.0        0.0        (798, 799)
799          6.390390     0.0        0.0        (799, 800)
800          6.398398     0.0        0.0        (800, 801)
801          6.406406     0.0        0.0        (801, 802)
802          6.414414     0.0        0.0        (802, 803)
803          6.422422     0.0        0.0        (803, 804)
804          6.430430     0.0        0.0        (804, 805)
805          6.438438     0.0        0.0        (805, 806)
806          6.446446     0.0        0.0        (806, 807)
807          6.454454     0.0        0.0        (807, 808)
808          6.462462     0.0        0.0        (808, 809)
809          6.470470     0.0        0.0        (809, 810)
810          6.478478     0.0        0.0        (810, 811)
811          6.486486     0.0        0.0        (811, 812)
812          6.494494     0.0        0.0        (812, 813)
813          6.502503     0.0        0.0        (813, 814)
814          6.510511     0.0        0.0        (814, 815)
815          6.518519     0.0        0.0        (815, 816)
816          6.526527     0.0        0.0        (816, 817)
817          6.534535     0.0        0.0        (817, 818)
818          6.542543     0.0        0.0        (818, 819)
819          6.550551     0.0        0.0        (819, 820)
820          6.558559     0.0        0.0        (820, 821)
821          6.566567     0.0        0.0        (821, 822)
822          6.574575     0.0        0.0        (822, 823)
823          6.582583     0.0        0.0        (823, 824)
824          6.590591     0.0        0.0        (824, 825)
825          6.598599     0.0        0.0        (825, 826)
826          6.606607     0.0        0.0        (826, 827)
827          6.614615     0.0        0.0        (827, 828)
828          6.622623     0.0        0.0        (828, 829)
829          6.630631     0.0        0.0        (829, 830)
830          6.638639     0.0        0.0        (830, 831)
831          6.646647     0.0        0.0        (831, 832)
832          6.654655     0.0        0.0        (832, 833)
833          6.662663     0.0        0.0        (833, 834)
834          6.670671     0.0        0.0        (834, 835)
835          6.678679     0.0        0.0        (835, 836)
836          6.686687     0.0        0.0        (836, 837)
837          6.694695     0.0        0.0        (837, 838)
838          6.702703     0.0        0.0        (838, 839)
839          6.710711     0.0        0.0        (839, 840)
840          6.718719     0.0        0.0        (840, 841)
841          6.726727     0.0        0.0        (841, 842)
842          6.734735     0.0        0.0        (842, 843)
843          6.742743     0.0        0.0        (843, 844)
844          6.750751     0.0        0.0        (844, 845)
845          6.758759     0.0        0.0        (845, 846)
846          6.766767     0.0        0.0        (846, 847)
847          6.774775     0.0        0.0        (847, 848)
848          6.782783     0.0        0.0        (848, 849)
849          6.790791     0.0        0.0        (849, 850)
850          6.798799     0.0        0.0        (850, 851)
851          6.806807     0.0        0.0        (851, 852)
852          6.814815     0.0        0.0        (852, 853)
853          6.822823     0.0        0.0        (853, 854)
854          6.830831     0.0        0.0        (854, 855)
855          6.838839     0.0        0.0        (855, 856)
856          6.846847     0.0        0.0        (856, 857)
857          6.854855     0.0        0.0        (857, 858)
858          6.862863     0.0        0.0        (858, 859)
859          6.870871     0.0        0.0        (859, 860)
860          6.878879     0.0        0.0        (860, 861)
861          6.886887     0.0        0.0        (861, 862)
862          6.894895     0.0        0.0        (862, 863)
863          6.902903     0.0        0.0        (863, 864)
864          6.910911     0.0        0.0        (864, 865)
865          6.918919     0.0        0.0        (865, 866)
866          6.926927     0.0        0.0        (866, 867)
867          6.934935     0.0        0.0        (867, 868)
868          6.942943     0.0        0.0        (868, 869)
869          6.950951     0.0        0.0        (869, 870)
870          6.958959     0.0        0.0        (870, 871)
871          6.966967     0.0        0.0        (871, 872)
872          6.974975     0.0        0.0        (872, 873)
873          6.982983     0.0        0.0        (873, 874)
874          6.990991     0.0        0.0        (874, 875)
875          6.998999     0.0        0.0        (875, 876)
876          7.007007     0.0        0.0        (876, 877)
877          7.015015     0.0        0.0        (877, 878)
878          7.023023     0.0        0.0        (878, 879)
879          7.031031     0.0        0.0        (879, 880)
880          7.039039     0.0        0.0        (880, 881)
881          7.047047     0.0        0.0        (881, 882)
882          7.055055     0.0        0.0        (882, 883)
883          7.063063     0.0        0.0        (883, 884)
884          7.071071     0.0        0.0        (884, 885)
885          7.079079     0.0        0.0        (885, 886)
886          7.087087     0.0        0.0        (886, 887)
887          7.095095     0.0        0.0        (887, 888)
888          7.103103     0.0        0.0        (888, 889)
889          7.111111     0.0        0.0        (889, 890)
890          7.119119     0.0        0.0        (890, 891)
891          7.127127     0.0        0.0        (891, 892)
892          7.135135     0.0        0.0        (892, 893)
893          7.143143     0.0        0.0        (893, 894)
894          7.151151     0.0        0.0        (894, 895)
895          7.159159     0.0        0.0        (895, 896)
896          7.167167     0.0        0.0        (896, 897)
897          7.175175     0.0        0.0        (897, 898)
898          7.183183     0.0        0.0        (898, 899)
899          7.191191     0.0        0.0        (899, 900)
900          7.199199     0.0        0.0        (900, 901)
901          7.207207     0.0        0.0        (901, 902)
902          7.215215     0.0        0.0        (902, 903)
903          7.223223     0.0        0.0        (903, 904)
904          7.231231     0.0        0.0        (904, 905)
905          7.239239     0.0        0.0        (905, 906)
906          7.247247     0.0        0.0        (906, 907)
907          7.255255     0.0        0.0        (907, 908)
908          7.263263     0.0        0.0        (908, 909)
909          7.271271     0.0        0.0        (909, 910)
910          7.279279     0.0        0.0        (910, 911)
911          7.287287     0.0        0.0        (911, 912)
912          7.295295     0.0        0.0        (912, 913)
913          7.303303     0.0        0.0        (913, 914)
914          7.311311     0.0        0.0        (914, 915)
915          7.319319     0.0        0.0        (915, 916)
916          7.327327     0.0        0.0        (916, 917)
917          7.335335     0.0        0.0        (917, 918)
918          7.343343     0.0        0.0        (918, 919)
919          7.351351     0.0        0.0        (919, 920)
920          7.359359     0.0        0.0        (920, 921)
921          7.367367     0.0        0.0        (921, 922)
922          7.375375     0.0        0.0        (922, 923)
923          7.383383     0.0        0.0        (923, 924)
924          7.391391     0.0        0.0        (924, 925)
925          7.399399     0.0        0.0        (925, 926)
926          7.407407     0.0        0.0        (926, 927)
927          7.415415     0.0        0.0        (927, 928)
928          7.423423     0.0        0.0        (928, 929)
929          7.431431     0.0        0.0        (929, 930)
930          7.439439     0.0        0.0        (930, 931)
931          7.447447     0.0        0.0        (931, 932)
932          7.455455     0.0        0.0        (932, 933)
933          7.463463     0.0        0.0        (933, 934)
934          7.471471     0.0        0.0        (934, 935)
935          7.479479     0.0        0.0        (935, 936)
936          7.487487     0.0        0.0        (936, 937)
937          7.495495     0.0        0.0        (937, 938)
938          7.503504     0.0        0.0        (938, 939)
939          7.511512     0.0        0.0        (939, 940)
940          7.519520     0.0        0.0        (940, 941)
941          7.527528     0.0        0.0        (941, 942)
942          7.535536     0.0        0.0        (942, 943)
943          7.543544     0.0        0.0        (943, 944)
944          7.551552     0.0        0.0        (944, 945)
945          7.559560     0.0        0.0        (945, 946)
946          7.567568     0.0        0.0        (946, 947)
947          7.575576     0.0        0.0        (947, 948)
948          7.583584     0.0        0.0        (948, 949)
949          7.591592     0.0        0.0        (949, 950)
950          7.599600     0.0        0.0        (950, 951)
951          7.607608     0.0        0.0        (951, 952)
952          7.615616     0.0        0.0        (952, 953)
953          7.623624     0.0        0.0        (953, 954)
954          7.631632     0.0        0.0        (954, 955)
955          7.639640     0.0        0.0        (955, 956)
956          7.647648     0.0        0.0        (956, 957)
957          7.655656     0.0        0.0        (957, 958)
958          7.663664     0.0        0.0        (958, 959)
959          7.671672     0.0        0.0        (959, 960)
960          7.679680     0.0        0.0        (960, 961)
961          7.687688     0.0        0.0        (961, 962)
962          7.695696     0.0        0.0        (962, 963)
963          7.703704     0.0        0.0        (963, 964)
964          7.711712     0.0        0.0        (964, 965)
965          7.719720     0.0        0.0        (965, 966)
966          7.727728     0.0        0.0        (966, 967)
967          7.735736     0.0        0.0        (967, 968)
968          7.743744     0.0        0.0        (968, 969)
969          7.751752     0.0        0.0        (969, 970)
970          7.759760     0.0        0.0        (970, 971)
971          7.767768     0.0        0.0        (971, 972)
972          7.775776     0.0        0.0        (972, 973)
973          7.783784     0.0        0.0        (973, 974)
974          7.791792     0.0        0.0        (974, 975)
975          7.799800     0.0        0.0        (975, 976)
976          7.807808     0.0        0.0        (976, 977)
977          7.815816     0.0        0.0        (977, 978)
978          7.823824     0.0        0.0        (978, 979)
979          7.831832     0.0        0.0        (979, 980)
980          7.839840     0.0        0.0        (980, 981)
981          7.847848     0.0        0.0        (981, 982)
982          7.855856     0.0        0.0        (982, 983)
983          7.863864     0.0        0.0        (983, 984)
984          7.871872     0.0        0.0        (984, 985)
985          7.879880     0.0        0.0        (985, 986)
986          7.887888     0.0        0.0        (986, 987)
987          7.895896     0.0        0.0        (987, 988)
988          7.903904     0.0        0.0        (988, 989)
989          7.911912     0.0        0.0        (989, 990)
990          7.919920     0.0        0.0        (990, 991)
991          7.927928     0.0        0.0        (991, 992)
992          7.935936     0.0        0.0        (992, 993)
993          7.943944     0.0        0.0        (993, 994)
994          7.951952     0.0        0.0        (994, 995)
995          7.959960     0.0        0.0        (995, 996)
996          7.967968     0.0        0.0        (996, 997)
997          7.975976     0.0        0.0        (997, 998)
998          7.983984     0.0        0.0        (998, 999)
999          7.991992     0.0        0.0        (999, 1000)
1000         8.000000     0.0        0.0        -
