# Static simulation
# Job: job_0005
# Scale: global
# Data key: F_mod
# Timestamp (runner starts): 2025-02-24_09-43-10
# Data:
0.000000e+00
0.000000e+00
0.000000e+00
0.000000e+00
0.000000e+00
0.000000e+00
0.000000e+00
9.003845e-02
0.000000e+00
0.000000e+00
0.000000e+00
0.000000e+00
0.000000e+00
7.965952e-02
0.000000e+00
0.000000e+00
0.000000e+00
0.000000e+00
0.000000e+00
7.048372e-02
0.000000e+00
0.000000e+00
0.000000e+00
0.000000e+00
0.000000e+00
6.235579e-02
0.000000e+00
0.000000e+00
0.000000e+00
0.000000e+00
0.000000e+00
5.517106e-02
0.000000e+00
0.000000e+00
0.000000e+00
0.000000e+00
0.000000e+00
4.881057e-02
0.000000e+00
0.000000e+00
0.000000e+00
0.000000e+00
0.000000e+00
4.318446e-02
0.000000e+00
0.000000e+00
0.000000e+00
0.000000e+00
0.000000e+00
3.821012e-02
0.000000e+00
0.000000e+00
0.000000e+00
0.000000e+00
0.000000e+00
3.380430e-02
0.000000e+00
0.000000e+00
0.000000e+00
0.000000e+00
0.000000e+00
2.991079e-02
0.000000e+00
0.000000e+00
0.000000e+00
0.000000e+00
0.000000e+00
2.646103e-02
0.000000e+00
0.000000e+00
0.000000e+00
0.000000e+00
0.000000e+00
2.341575e-02
0.000000e+00
0.000000e+00
0.000000e+00
0.000000e+00
0.000000e+00
2.071286e-02
0.000000e+00
0.000000e+00
0.000000e+00
0.000000e+00
0.000000e+00
1.832741e-02
0.000000e+00
0.000000e+00
0.000000e+00
0.000000e+00
0.000000e+00
1.621471e-02
0.000000e+00
0.000000e+00
0.000000e+00
0.000000e+00
0.000000e+00
1.434641e-02
0.000000e+00
0.000000e+00
0.000000e+00
0.000000e+00
0.000000e+00
1.269360e-02
0.000000e+00
0.000000e+00
0.000000e+00
0.000000e+00
0.000000e+00
1.122841e-02
0.000000e+00
0.000000e+00
0.000000e+00
0.000000e+00
0.000000e+00
9.936747e-03
0.000000e+00
0.000000e+00
0.000000e+00
0.000000e+00
0.000000e+00
8.790445e-03
0.000000e+00
0.000000e+00
0.000000e+00
0.000000e+00
0.000000e+00
7.778243e-03
0.000000e+00
0.000000e+00
0.000000e+00
0.000000e+00
0.000000e+00
6.880414e-03
0.000000e+00
0.000000e+00
0.000000e+00
0.000000e+00
0.000000e+00
6.088613e-03
0.000000e+00
0.000000e+00
0.000000e+00
0.000000e+00
0.000000e+00
5.386305e-03
0.000000e+00
0.000000e+00
0.000000e+00
0.000000e+00
0.000000e+00
4.765954e-03
0.000000e+00
0.000000e+00
0.000000e+00
0.000000e+00
0.000000e+00
4.216585e-03
0.000000e+00
0.000000e+00
0.000000e+00
0.000000e+00
0.000000e+00
3.730396e-03
0.000000e+00
0.000000e+00
0.000000e+00
0.000000e+00
0.000000e+00
3.301012e-03
0.000000e+00
0.000000e+00
0.000000e+00
0.000000e+00
0.000000e+00
2.919849e-03
0.000000e+00
0.000000e+00
0.000000e+00
0.000000e+00
0.000000e+00
2.583631e-03
0.000000e+00
0.000000e+00
0.000000e+00
0.000000e+00
0.000000e+00
2.285741e-03
0.000000e+00
0.000000e+00
0.000000e+00
0.000000e+00
0.000000e+00
2.022745e-03
0.000000e+00
0.000000e+00
0.000000e+00
0.000000e+00
0.000000e+00
1.789334e-03
0.000000e+00
0.000000e+00
0.000000e+00
0.000000e+00
0.000000e+00
1.582959e-03
0.000000e+00
0.000000e+00
0.000000e+00
0.000000e+00
0.000000e+00
1.400964e-03
0.000000e+00
0.000000e+00
0.000000e+00
0.000000e+00
0.000000e+00
1.238988e-03
0.000000e+00
0.000000e+00
0.000000e+00
0.000000e+00
0.000000e+00
1.096509e-03
0.000000e+00
0.000000e+00
0.000000e+00
0.000000e+00
0.000000e+00
9.703263e-04
0.000000e+00
0.000000e+00
0.000000e+00
0.000000e+00
0.000000e+00
8.579357e-04
0.000000e+00
0.000000e+00
0.000000e+00
0.000000e+00
0.000000e+00
7.596468e-04
0.000000e+00
0.000000e+00
0.000000e+00
0.000000e+00
0.000000e+00
6.715764e-04
0.000000e+00
0.000000e+00
0.000000e+00
0.000000e+00
0.000000e+00
5.944959e-04
0.000000e+00
0.000000e+00
0.000000e+00
0.000000e+00
0.000000e+00
5.260446e-04
0.000000e+00
0.000000e+00
0.000000e+00
0.000000e+00
0.000000e+00
4.651591e-04
0.000000e+00
0.000000e+00
0.000000e+00
0.000000e+00
0.000000e+00
4.117032e-04
0.000000e+00
0.000000e+00
0.000000e+00
0.000000e+00
0.000000e+00
3.641130e-04
0.000000e+00
0.000000e+00
0.000000e+00
0.000000e+00
0.000000e+00
3.223537e-04
0.000000e+00
0.000000e+00
0.000000e+00
0.000000e+00
0.000000e+00
2.851199e-04
0.000000e+00
0.000000e+00
0.000000e+00
0.000000e+00
0.000000e+00
2.188740e-03
0.000000e+00
0.000000e+00
0.000000e+00
0.000000e+00
