# Static simulation
# Job: job_0005
# Scale: element
# Data key: F_e_mod
# Timestamp (runner starts): 2025-02-24_09-43-10
# Data:

# Element ID: 0
0.000000e+00,0.000000e+00,0.000000e+00,0.000000e+00,0.000000e+00,0.000000e+00,0.000000e+00,9.003845e-02,0.000000e+00,0.000000e+00,0.000000e+00,0.000000e+00

# Element ID: 1
0.000000e+00,9.003845e-02,0.000000e+00,0.000000e+00,0.000000e+00,0.000000e+00,0.000000e+00,7.965952e-02,0.000000e+00,0.000000e+00,0.000000e+00,0.000000e+00

# Element ID: 2
0.000000e+00,7.965952e-02,0.000000e+00,0.000000e+00,0.000000e+00,0.000000e+00,0.000000e+00,7.048372e-02,0.000000e+00,0.000000e+00,0.000000e+00,0.000000e+00

# Element ID: 3
0.000000e+00,7.048372e-02,0.000000e+00,0.000000e+00,0.000000e+00,0.000000e+00,0.000000e+00,6.235579e-02,0.000000e+00,0.000000e+00,0.000000e+00,0.000000e+00

# Element ID: 4
0.000000e+00,6.235579e-02,0.000000e+00,0.000000e+00,0.000000e+00,0.000000e+00,0.000000e+00,5.517106e-02,0.000000e+00,0.000000e+00,0.000000e+00,0.000000e+00

# Element ID: 5
0.000000e+00,5.517106e-02,0.000000e+00,0.000000e+00,0.000000e+00,0.000000e+00,0.000000e+00,4.881057e-02,0.000000e+00,0.000000e+00,0.000000e+00,0.000000e+00

# Element ID: 6
0.000000e+00,4.881057e-02,0.000000e+00,0.000000e+00,0.000000e+00,0.000000e+00,0.000000e+00,4.318446e-02,0.000000e+00,0.000000e+00,0.000000e+00,0.000000e+00

# Element ID: 7
0.000000e+00,4.318446e-02,0.000000e+00,0.000000e+00,0.000000e+00,0.000000e+00,0.000000e+00,3.821012e-02,0.000000e+00,0.000000e+00,0.000000e+00,0.000000e+00

# Element ID: 8
0.000000e+00,3.821012e-02,0.000000e+00,0.000000e+00,0.000000e+00,0.000000e+00,0.000000e+00,3.380430e-02,0.000000e+00,0.000000e+00,0.000000e+00,0.000000e+00

# Element ID: 9
0.000000e+00,3.380430e-02,0.000000e+00,0.000000e+00,0.000000e+00,0.000000e+00,0.000000e+00,2.991079e-02,0.000000e+00,0.000000e+00,0.000000e+00,0.000000e+00

# Element ID: 10
0.000000e+00,2.991079e-02,0.000000e+00,0.000000e+00,0.000000e+00,0.000000e+00,0.000000e+00,2.646103e-02,0.000000e+00,0.000000e+00,0.000000e+00,0.000000e+00

# Element ID: 11
0.000000e+00,2.646103e-02,0.000000e+00,0.000000e+00,0.000000e+00,0.000000e+00,0.000000e+00,2.341575e-02,0.000000e+00,0.000000e+00,0.000000e+00,0.000000e+00

# Element ID: 12
0.000000e+00,2.341575e-02,0.000000e+00,0.000000e+00,0.000000e+00,0.000000e+00,0.000000e+00,2.071286e-02,0.000000e+00,0.000000e+00,0.000000e+00,0.000000e+00

# Element ID: 13
0.000000e+00,2.071286e-02,0.000000e+00,0.000000e+00,0.000000e+00,0.000000e+00,0.000000e+00,1.832741e-02,0.000000e+00,0.000000e+00,0.000000e+00,0.000000e+00

# Element ID: 14
0.000000e+00,1.832741e-02,0.000000e+00,0.000000e+00,0.000000e+00,0.000000e+00,0.000000e+00,1.621471e-02,0.000000e+00,0.000000e+00,0.000000e+00,0.000000e+00

# Element ID: 15
0.000000e+00,1.621471e-02,0.000000e+00,0.000000e+00,0.000000e+00,0.000000e+00,0.000000e+00,1.434641e-02,0.000000e+00,0.000000e+00,0.000000e+00,0.000000e+00

# Element ID: 16
0.000000e+00,1.434641e-02,0.000000e+00,0.000000e+00,0.000000e+00,0.000000e+00,0.000000e+00,1.269360e-02,0.000000e+00,0.000000e+00,0.000000e+00,0.000000e+00

# Element ID: 17
0.000000e+00,1.269360e-02,0.000000e+00,0.000000e+00,0.000000e+00,0.000000e+00,0.000000e+00,1.122841e-02,0.000000e+00,0.000000e+00,0.000000e+00,0.000000e+00

# Element ID: 18
0.000000e+00,1.122841e-02,0.000000e+00,0.000000e+00,0.000000e+00,0.000000e+00,0.000000e+00,9.936747e-03,0.000000e+00,0.000000e+00,0.000000e+00,0.000000e+00

# Element ID: 19
0.000000e+00,9.936747e-03,0.000000e+00,0.000000e+00,0.000000e+00,0.000000e+00,0.000000e+00,8.790445e-03,0.000000e+00,0.000000e+00,0.000000e+00,0.000000e+00

# Element ID: 20
0.000000e+00,8.790445e-03,0.000000e+00,0.000000e+00,0.000000e+00,0.000000e+00,0.000000e+00,7.778243e-03,0.000000e+00,0.000000e+00,0.000000e+00,0.000000e+00

# Element ID: 21
0.000000e+00,7.778243e-03,0.000000e+00,0.000000e+00,0.000000e+00,0.000000e+00,0.000000e+00,6.880414e-03,0.000000e+00,0.000000e+00,0.000000e+00,0.000000e+00

# Element ID: 22
0.000000e+00,6.880414e-03,0.000000e+00,0.000000e+00,0.000000e+00,0.000000e+00,0.000000e+00,6.088613e-03,0.000000e+00,0.000000e+00,0.000000e+00,0.000000e+00

# Element ID: 23
0.000000e+00,6.088613e-03,0.000000e+00,0.000000e+00,0.000000e+00,0.000000e+00,0.000000e+00,5.386305e-03,0.000000e+00,0.000000e+00,0.000000e+00,0.000000e+00

# Element ID: 24
0.000000e+00,5.386305e-03,0.000000e+00,0.000000e+00,0.000000e+00,0.000000e+00,0.000000e+00,4.765954e-03,0.000000e+00,0.000000e+00,0.000000e+00,0.000000e+00

# Element ID: 25
0.000000e+00,4.765954e-03,0.000000e+00,0.000000e+00,0.000000e+00,0.000000e+00,0.000000e+00,4.216585e-03,0.000000e+00,0.000000e+00,0.000000e+00,0.000000e+00

# Element ID: 26
0.000000e+00,4.216585e-03,0.000000e+00,0.000000e+00,0.000000e+00,0.000000e+00,0.000000e+00,3.730396e-03,0.000000e+00,0.000000e+00,0.000000e+00,0.000000e+00

# Element ID: 27
0.000000e+00,3.730396e-03,0.000000e+00,0.000000e+00,0.000000e+00,0.000000e+00,0.000000e+00,3.301012e-03,0.000000e+00,0.000000e+00,0.000000e+00,0.000000e+00

# Element ID: 28
0.000000e+00,3.301012e-03,0.000000e+00,0.000000e+00,0.000000e+00,0.000000e+00,0.000000e+00,2.919849e-03,0.000000e+00,0.000000e+00,0.000000e+00,0.000000e+00

# Element ID: 29
0.000000e+00,2.919849e-03,0.000000e+00,0.000000e+00,0.000000e+00,0.000000e+00,0.000000e+00,2.583631e-03,0.000000e+00,0.000000e+00,0.000000e+00,0.000000e+00

# Element ID: 30
0.000000e+00,2.583631e-03,0.000000e+00,0.000000e+00,0.000000e+00,0.000000e+00,0.000000e+00,2.285741e-03,0.000000e+00,0.000000e+00,0.000000e+00,0.000000e+00

# Element ID: 31
0.000000e+00,2.285741e-03,0.000000e+00,0.000000e+00,0.000000e+00,0.000000e+00,0.000000e+00,2.022745e-03,0.000000e+00,0.000000e+00,0.000000e+00,0.000000e+00

# Element ID: 32
0.000000e+00,2.022745e-03,0.000000e+00,0.000000e+00,0.000000e+00,0.000000e+00,0.000000e+00,1.789334e-03,0.000000e+00,0.000000e+00,0.000000e+00,0.000000e+00

# Element ID: 33
0.000000e+00,1.789334e-03,0.000000e+00,0.000000e+00,0.000000e+00,0.000000e+00,0.000000e+00,1.582959e-03,0.000000e+00,0.000000e+00,0.000000e+00,0.000000e+00

# Element ID: 34
0.000000e+00,1.582959e-03,0.000000e+00,0.000000e+00,0.000000e+00,0.000000e+00,0.000000e+00,1.400964e-03,0.000000e+00,0.000000e+00,0.000000e+00,0.000000e+00

# Element ID: 35
0.000000e+00,1.400964e-03,0.000000e+00,0.000000e+00,0.000000e+00,0.000000e+00,0.000000e+00,1.238988e-03,0.000000e+00,0.000000e+00,0.000000e+00,0.000000e+00

# Element ID: 36
0.000000e+00,1.238988e-03,0.000000e+00,0.000000e+00,0.000000e+00,0.000000e+00,0.000000e+00,1.096509e-03,0.000000e+00,0.000000e+00,0.000000e+00,0.000000e+00

# Element ID: 37
0.000000e+00,1.096509e-03,0.000000e+00,0.000000e+00,0.000000e+00,0.000000e+00,0.000000e+00,9.703263e-04,0.000000e+00,0.000000e+00,0.000000e+00,0.000000e+00

# Element ID: 38
0.000000e+00,9.703263e-04,0.000000e+00,0.000000e+00,0.000000e+00,0.000000e+00,0.000000e+00,8.579357e-04,0.000000e+00,0.000000e+00,0.000000e+00,0.000000e+00

# Element ID: 39
0.000000e+00,8.579357e-04,0.000000e+00,0.000000e+00,0.000000e+00,0.000000e+00,0.000000e+00,7.596468e-04,0.000000e+00,0.000000e+00,0.000000e+00,0.000000e+00

# Element ID: 40
0.000000e+00,7.596468e-04,0.000000e+00,0.000000e+00,0.000000e+00,0.000000e+00,0.000000e+00,6.715764e-04,0.000000e+00,0.000000e+00,0.000000e+00,0.000000e+00

# Element ID: 41
0.000000e+00,6.715764e-04,0.000000e+00,0.000000e+00,0.000000e+00,0.000000e+00,0.000000e+00,5.944959e-04,0.000000e+00,0.000000e+00,0.000000e+00,0.000000e+00

# Element ID: 42
0.000000e+00,5.944959e-04,0.000000e+00,0.000000e+00,0.000000e+00,0.000000e+00,0.000000e+00,5.260446e-04,0.000000e+00,0.000000e+00,0.000000e+00,0.000000e+00

# Element ID: 43
0.000000e+00,5.260446e-04,0.000000e+00,0.000000e+00,0.000000e+00,0.000000e+00,0.000000e+00,4.651591e-04,0.000000e+00,0.000000e+00,0.000000e+00,0.000000e+00

# Element ID: 44
0.000000e+00,4.651591e-04,0.000000e+00,0.000000e+00,0.000000e+00,0.000000e+00,0.000000e+00,4.117032e-04,0.000000e+00,0.000000e+00,0.000000e+00,0.000000e+00

# Element ID: 45
0.000000e+00,4.117032e-04,0.000000e+00,0.000000e+00,0.000000e+00,0.000000e+00,0.000000e+00,3.641130e-04,0.000000e+00,0.000000e+00,0.000000e+00,0.000000e+00

# Element ID: 46
0.000000e+00,3.641130e-04,0.000000e+00,0.000000e+00,0.000000e+00,0.000000e+00,0.000000e+00,3.223537e-04,0.000000e+00,0.000000e+00,0.000000e+00,0.000000e+00

# Element ID: 47
0.000000e+00,3.223537e-04,0.000000e+00,0.000000e+00,0.000000e+00,0.000000e+00,0.000000e+00,2.851199e-04,0.000000e+00,0.000000e+00,0.000000e+00,0.000000e+00

# Element ID: 48
0.000000e+00,2.851199e-04,0.000000e+00,0.000000e+00,0.000000e+00,0.000000e+00,0.000000e+00,2.188740e-03,0.000000e+00,0.000000e+00,0.000000e+00,0.000000e+00
