# Static simulation
# Job: job_0001
# Scale: global
# Data key: modified_force_vector
# Timestamp (runner starts): 2025-02-18_19-06-53
# Data:
0.000000
0.000000
0.000000
0.000000
0.000000
0.000000
0.370100
-0.904988
0.000000
0.000000
0.000000
-99.819065
0.211135
-0.337208
0.000000
0.000000
0.000000
-225.676724
0.112355
-0.133741
0.000000
0.000000
0.000000
-317.657372
0.070769
-0.056751
0.000000
0.000000
0.000000
-349.407585
0.068232
0.199415
0.000000
0.000000
0.000000
-156.136018
0.000000
0.000000
0.000000
0.000000
0.000000
0.000000
0.000000
0.000000
0.000000
0.000000
0.000000
0.000000
0.000000
0.000000
0.000000
0.000000
0.000000
0.000000
0.000000
0.000000
0.000000
0.000000
0.000000
0.000000
0.000000
0.000000
0.000000
0.000000
0.000000
0.000000
0.000000
0.000000
0.000000
0.000000
0.000000
0.000000
