# Static simulation
# Job: job_0001
# Scale: global
# Data key: K_cond
# Timestamp (runner starts): 2025-02-21_12-17-10
# Data:
0, 0, 1.000000e+12
0, 1, 0.000000e+00
0, 2, 0.000000e+00
0, 3, 0.000000e+00
0, 4, 0.000000e+00
0, 5, 0.000000e+00
0, 6, 0.000000e+00
0, 7, 0.000000e+00
0, 8, 0.000000e+00
0, 9, 0.000000e+00
0, 10, 0.000000e+00
0, 11, 0.000000e+00
0, 12, 0.000000e+00
0, 13, 0.000000e+00
0, 14, 0.000000e+00
0, 15, 0.000000e+00
0, 16, 0.000000e+00
0, 17, 0.000000e+00
0, 18, 0.000000e+00
0, 19, 0.000000e+00
0, 20, 0.000000e+00
0, 21, 0.000000e+00
0, 22, 0.000000e+00
0, 23, 0.000000e+00
1, 0, 0.000000e+00
1, 1, 1.000000e+12
1, 2, 0.000000e+00
1, 3, 0.000000e+00
1, 4, 0.000000e+00
1, 5, 0.000000e+00
1, 6, 0.000000e+00
1, 7, 0.000000e+00
1, 8, 0.000000e+00
1, 9, 0.000000e+00
1, 10, 0.000000e+00
1, 11, 0.000000e+00
1, 12, 0.000000e+00
1, 13, 0.000000e+00
1, 14, 0.000000e+00
1, 15, 0.000000e+00
1, 16, 0.000000e+00
1, 17, 0.000000e+00
1, 18, 0.000000e+00
1, 19, 0.000000e+00
1, 20, 0.000000e+00
1, 21, 0.000000e+00
1, 22, 0.000000e+00
1, 23, 0.000000e+00
2, 0, 0.000000e+00
2, 1, 0.000000e+00
2, 2, 1.000000e+12
2, 3, 0.000000e+00
2, 4, 0.000000e+00
2, 5, 0.000000e+00
2, 6, 0.000000e+00
2, 7, 0.000000e+00
2, 8, 0.000000e+00
2, 9, 0.000000e+00
2, 10, 0.000000e+00
2, 11, 0.000000e+00
2, 12, 0.000000e+00
2, 13, 0.000000e+00
2, 14, 0.000000e+00
2, 15, 0.000000e+00
2, 16, 0.000000e+00
2, 17, 0.000000e+00
2, 18, 0.000000e+00
2, 19, 0.000000e+00
2, 20, 0.000000e+00
2, 21, 0.000000e+00
2, 22, 0.000000e+00
2, 23, 0.000000e+00
3, 0, 0.000000e+00
3, 1, 0.000000e+00
3, 2, 0.000000e+00
3, 3, 1.000000e+12
3, 4, 0.000000e+00
3, 5, 0.000000e+00
3, 6, 0.000000e+00
3, 7, 0.000000e+00
3, 8, 0.000000e+00
3, 9, 0.000000e+00
3, 10, 0.000000e+00
3, 11, 0.000000e+00
3, 12, 0.000000e+00
3, 13, 0.000000e+00
3, 14, 0.000000e+00
3, 15, 0.000000e+00
3, 16, 0.000000e+00
3, 17, 0.000000e+00
3, 18, 0.000000e+00
3, 19, 0.000000e+00
3, 20, 0.000000e+00
3, 21, 0.000000e+00
3, 22, 0.000000e+00
3, 23, 0.000000e+00
4, 0, 0.000000e+00
4, 1, 0.000000e+00
4, 2, 0.000000e+00
4, 3, 0.000000e+00
4, 4, 1.000000e+12
4, 5, 0.000000e+00
4, 6, 0.000000e+00
4, 7, 0.000000e+00
4, 8, 0.000000e+00
4, 9, 0.000000e+00
4, 10, 0.000000e+00
4, 11, 0.000000e+00
4, 12, 0.000000e+00
4, 13, 0.000000e+00
4, 14, 0.000000e+00
4, 15, 0.000000e+00
4, 16, 0.000000e+00
4, 17, 0.000000e+00
4, 18, 0.000000e+00
4, 19, 0.000000e+00
4, 20, 0.000000e+00
4, 21, 0.000000e+00
4, 22, 0.000000e+00
4, 23, 0.000000e+00
5, 0, 0.000000e+00
5, 1, 0.000000e+00
5, 2, 0.000000e+00
5, 3, 0.000000e+00
5, 4, 0.000000e+00
5, 5, 1.000000e+12
5, 6, 0.000000e+00
5, 7, 0.000000e+00
5, 8, 0.000000e+00
5, 9, 0.000000e+00
5, 10, 0.000000e+00
5, 11, 0.000000e+00
5, 12, 0.000000e+00
5, 13, 0.000000e+00
5, 14, 0.000000e+00
5, 15, 0.000000e+00
5, 16, 0.000000e+00
5, 17, 0.000000e+00
5, 18, 0.000000e+00
5, 19, 0.000000e+00
5, 20, 0.000000e+00
5, 21, 0.000000e+00
5, 22, 0.000000e+00
5, 23, 0.000000e+00
6, 0, 0.000000e+00
6, 1, 0.000000e+00
6, 2, 0.000000e+00
6, 3, 0.000000e+00
6, 4, 0.000000e+00
6, 5, 0.000000e+00
6, 6, 1.228987e+09
6, 8, -5.130156e+08
7, 0, 0.000000e+00
7, 1, 0.000000e+00
7, 2, 0.000000e+00
7, 3, 0.000000e+00
7, 4, 0.000000e+00
7, 5, 0.000000e+00
7, 7, 2.152123e+06
7, 9, -1.253763e+06
8, 0, 0.000000e+00
8, 1, 0.000000e+00
8, 2, 0.000000e+00
8, 3, 0.000000e+00
8, 4, 0.000000e+00
8, 5, 0.000000e+00
8, 6, -5.130156e+08
8, 8, 8.806074e+08
8, 10, -3.675918e+08
9, 0, 0.000000e+00
9, 1, 0.000000e+00
9, 2, 0.000000e+00
9, 3, 0.000000e+00
9, 4, 0.000000e+00
9, 5, 0.000000e+00
9, 7, -1.253763e+06
9, 9, 3.003530e+06
9, 11, -1.749767e+06
10, 0, 0.000000e+00
10, 1, 0.000000e+00
10, 2, 0.000000e+00
10, 3, 0.000000e+00
10, 4, 0.000000e+00
10, 5, 0.000000e+00
10, 8, -3.675918e+08
10, 10, 6.309828e+08
10, 12, -2.633910e+08
11, 0, 0.000000e+00
11, 1, 0.000000e+00
11, 2, 0.000000e+00
11, 3, 0.000000e+00
11, 4, 0.000000e+00
11, 5, 0.000000e+00
11, 9, -1.749767e+06
11, 11, 4.191764e+06
11, 13, -2.441997e+06
12, 0, 0.000000e+00
12, 1, 0.000000e+00
12, 2, 0.000000e+00
12, 3, 0.000000e+00
12, 4, 0.000000e+00
12, 5, 0.000000e+00
12, 10, -2.633910e+08
12, 12, 4.521189e+08
12, 14, -1.887279e+08
13, 0, 0.000000e+00
13, 1, 0.000000e+00
13, 2, 0.000000e+00
13, 3, 0.000000e+00
13, 4, 0.000000e+00
13, 5, 0.000000e+00
13, 11, -2.441997e+06
13, 13, 5.850078e+06
13, 15, -3.408081e+06
14, 0, 0.000000e+00
14, 1, 0.000000e+00
14, 2, 0.000000e+00
14, 3, 0.000000e+00
14, 4, 0.000000e+00
14, 5, 0.000000e+00
14, 12, -1.887279e+08
14, 14, 3.239571e+08
14, 16, -1.352292e+08
15, 0, 0.000000e+00
15, 1, 0.000000e+00
15, 2, 0.000000e+00
15, 3, 0.000000e+00
15, 4, 0.000000e+00
15, 5, 0.000000e+00
15, 13, -3.408081e+06
15, 15, 8.164450e+06
15, 17, -4.756369e+06
16, 0, 0.000000e+00
16, 1, 0.000000e+00
16, 2, 0.000000e+00
16, 3, 0.000000e+00
16, 4, 0.000000e+00
16, 5, 0.000000e+00
16, 14, -1.352292e+08
16, 16, 2.321256e+08
16, 18, -9.689640e+07
17, 0, 0.000000e+00
17, 1, 0.000000e+00
17, 2, 0.000000e+00
17, 3, 0.000000e+00
17, 4, 0.000000e+00
17, 5, 0.000000e+00
17, 15, -4.756369e+06
17, 17, 1.139439e+07
17, 19, -6.638018e+06
18, 0, 0.000000e+00
18, 1, 0.000000e+00
18, 2, 0.000000e+00
18, 3, 0.000000e+00
18, 4, 0.000000e+00
18, 5, 0.000000e+00
18, 16, -9.689640e+07
18, 18, 1.663254e+08
18, 20, -6.942900e+07
19, 0, 0.000000e+00
19, 1, 0.000000e+00
19, 2, 0.000000e+00
19, 3, 0.000000e+00
19, 4, 0.000000e+00
19, 5, 0.000000e+00
19, 17, -6.638018e+06
19, 19, 1.590216e+07
19, 21, -9.264140e+06
20, 0, 0.000000e+00
20, 1, 0.000000e+00
20, 2, 0.000000e+00
20, 3, 0.000000e+00
20, 4, 0.000000e+00
20, 5, 0.000000e+00
20, 18, -6.942900e+07
20, 20, 1.191771e+08
20, 22, -4.974810e+07
21, 0, 0.000000e+00
21, 1, 0.000000e+00
21, 2, 0.000000e+00
21, 3, 0.000000e+00
21, 4, 0.000000e+00
21, 5, 0.000000e+00
21, 19, -9.264140e+06
21, 21, 2.219328e+07
21, 23, -1.292914e+07
22, 0, 0.000000e+00
22, 1, 0.000000e+00
22, 2, 0.000000e+00
22, 3, 0.000000e+00
22, 4, 0.000000e+00
22, 5, 0.000000e+00
22, 20, -4.974810e+07
22, 22, 4.974810e+07
23, 0, 0.000000e+00
23, 1, 0.000000e+00
23, 2, 0.000000e+00
23, 3, 0.000000e+00
23, 4, 0.000000e+00
23, 5, 0.000000e+00
23, 21, -1.292914e+07
23, 23, 1.292914e+07
