[Section]
[element_id]  [A]          [I_x]        [I_y]          [I_z]          [J_t]
0            0.005000    0.0         0.00000e+00   2.08769e-06   1.00000e-06
1            0.005000    0.0         0.00000e+00   2.08769e-06   1.00000e-06
2            0.005000    0.0         0.00000e+00   2.08769e-06   1.00000e-06
3            0.005000    0.0         0.00000e+00   2.08769e-06   1.00000e-06
4            0.005000    0.0         0.00000e+00   2.08769e-06   1.00000e-06
5            0.005000    0.0         0.00000e+00   2.08769e-06   1.00000e-06
6            0.005000    0.0         0.00000e+00   2.08769e-06   1.00000e-06
7            0.005000    0.0         0.00000e+00   2.08769e-06   1.00000e-06
8            0.005000    0.0         0.00000e+00   2.08769e-06   1.00000e-06
