# Static simulation
# Job: job_0002
# Scale: global
# Data key: R_cond
# Timestamp (runner starts): 2025-04-07_13-53-55
# Data:
0.000000e+00
1.490116e-08
0.000000e+00
0.000000e+00
0.000000e+00
0.000000e+00
0.000000e+00
8.940697e-08
0.000000e+00
0.000000e+00
0.000000e+00
1.862645e-09
0.000000e+00
-2.980232e-07
0.000000e+00
0.000000e+00
0.000000e+00
-3.725290e-09
0.000000e+00
2.384186e-07
0.000000e+00
0.000000e+00
0.000000e+00
-1.862645e-09
0.000000e+00
1.192093e-07
0.000000e+00
0.000000e+00
0.000000e+00
1.862645e-08
0.000000e+00
-3.278255e-07
0.000000e+00
0.000000e+00
0.000000e+00
2.235174e-08
0.000000e+00
-5.960464e-08
0.000000e+00
0.000000e+00
0.000000e+00
1.862645e-08
0.000000e+00
-1.221895e-06
0.000000e+00
0.000000e+00
0.000000e+00
-2.048910e-08
0.000000e+00
4.470348e-07
0.000000e+00
0.000000e+00
0.000000e+00
-1.117587e-08
0.000000e+00
5.066395e-07
0.000000e+00
0.000000e+00
0.000000e+00
2.048910e-08
