# Static simulation
# Job: job_0002
# Scale: global
# Data key: U_global
# Timestamp (runner starts): 2025-04-07_13-53-55
# Data:
0.000000e+00
0.000000e+00
0.000000e+00
0.000000e+00
0.000000e+00
0.000000e+00
0.000000e+00
-1.767299e-09
0.000000e+00
0.000000e+00
-0.000000e+00
-4.116766e-08
0.000000e+00
-7.464238e-09
0.000000e+00
0.000000e+00
0.000000e+00
-7.796906e-08
0.000000e+00
-1.665419e-08
0.000000e+00
0.000000e+00
0.000000e+00
-1.104042e-07
0.000000e+00
-2.890053e-08
0.000000e+00
0.000000e+00
0.000000e+00
-1.384731e-07
0.000000e+00
-4.376663e-08
0.000000e+00
0.000000e+00
0.000000e+00
-1.621756e-07
0.000000e+00
-6.040003e-08
0.000000e+00
0.000000e+00
0.000000e+00
-1.715319e-07
0.000000e+00
-7.755323e-08
0.000000e+00
0.000000e+00
-0.000000e+00
-1.715319e-07
0.000000e+00
-9.470642e-08
0.000000e+00
0.000000e+00
0.000000e+00
-1.715319e-07
0.000000e+00
-1.118596e-07
0.000000e+00
0.000000e+00
0.000000e+00
-1.715319e-07
0.000000e+00
-1.290128e-07
-0.000000e+00
0.000000e+00
0.000000e+00
-1.715319e-07
