# Static simulation
# Job: job_0010
# Scale: global
# Data key: K_cond
# Timestamp (runner starts): 2025-05-18_00-15-22
# Data:
0, 0, 4.480022e+43
0, 6, -2.000000e+13
1, 1, 4.480022e+43
1, 5, 3.200016e+16
1, 7, -2.240011e+17
1, 11, 9.600048e+16
2, 2, 4.480022e+43
2, 4, -8.000160e+15
2, 8, -5.600112e+16
2, 10, -2.400048e+16
3, 3, 4.480022e+43
3, 9, -6.565378e+09
4, 2, -8.000160e+15
4, 4, 4.480022e+43
4, 8, 3.200064e+16
4, 10, 1.333360e+16
5, 1, 3.200016e+16
5, 5, 4.480022e+43
5, 7, -1.280006e+17
5, 11, 5.333360e+16
6, 0, -2.000000e+13
6, 6, 4.480022e+43
6, 12, -2.000000e+13
7, 1, -2.240011e+17
7, 5, -1.280006e+17
7, 7, 4.480022e+43
7, 11, 3.200016e+16
7, 13, -2.240011e+17
7, 17, 9.600048e+16
8, 2, -5.600112e+16
8, 4, 3.200064e+16
8, 8, 4.480022e+43
8, 10, -8.000160e+15
8, 14, -5.600112e+16
8, 16, -2.400048e+16
9, 3, -6.565378e+09
9, 9, 4.480022e+43
9, 15, -6.565378e+09
10, 2, -2.400048e+16
10, 4, 1.333360e+16
10, 8, -8.000160e+15
10, 10, 4.480022e+43
10, 14, 3.200064e+16
10, 16, 1.333360e+16
11, 1, 9.600048e+16
11, 5, 5.333360e+16
11, 7, 3.200016e+16
11, 11, 4.480022e+43
11, 13, -1.280006e+17
11, 17, 5.333360e+16
12, 6, -2.000000e+13
12, 12, 4.480022e+43
12, 18, -2.000000e+13
13, 7, -2.240011e+17
13, 11, -1.280006e+17
13, 13, 4.480022e+43
13, 17, 3.200016e+16
13, 19, -2.240011e+17
13, 23, 9.600048e+16
14, 8, -5.600112e+16
14, 10, 3.200064e+16
14, 14, 4.480022e+43
14, 16, -8.000160e+15
14, 20, -5.600112e+16
14, 22, -2.400048e+16
15, 9, -6.565378e+09
15, 15, 4.480022e+43
15, 21, -6.565378e+09
16, 8, -2.400048e+16
16, 10, 1.333360e+16
16, 14, -8.000160e+15
16, 16, 4.480022e+43
16, 20, 3.200064e+16
16, 22, 1.333360e+16
17, 7, 9.600048e+16
17, 11, 5.333360e+16
17, 13, 3.200016e+16
17, 17, 4.480022e+43
17, 19, -1.280006e+17
17, 23, 5.333360e+16
18, 12, -2.000000e+13
18, 18, 4.480022e+43
18, 24, -2.000000e+13
19, 13, -2.240011e+17
19, 17, -1.280006e+17
19, 19, 4.480022e+43
19, 23, 3.200016e+16
19, 25, -2.240011e+17
19, 29, 9.600048e+16
20, 14, -5.600112e+16
20, 16, 3.200064e+16
20, 20, 4.480022e+43
20, 22, -8.000160e+15
20, 26, -5.600112e+16
20, 28, -2.400048e+16
21, 15, -6.565378e+09
21, 21, 4.480022e+43
21, 27, -6.565378e+09
22, 14, -2.400048e+16
22, 16, 1.333360e+16
22, 20, -8.000160e+15
22, 22, 4.480022e+43
22, 26, 3.200064e+16
22, 28, 1.333360e+16
23, 13, 9.600048e+16
23, 17, 5.333360e+16
23, 19, 3.200016e+16
23, 23, 4.480022e+43
23, 25, -1.280006e+17
23, 29, 5.333360e+16
24, 18, -2.000000e+13
24, 24, 4.480022e+43
24, 30, -2.000000e+13
25, 19, -2.240011e+17
25, 23, -1.280006e+17
25, 25, 4.480022e+43
25, 29, 3.200016e+16
25, 31, -2.240011e+17
25, 35, 9.600048e+16
26, 20, -5.600112e+16
26, 22, 3.200064e+16
26, 26, 4.480022e+43
26, 28, -8.000160e+15
26, 32, -5.600112e+16
26, 34, -2.400048e+16
27, 21, -6.565378e+09
27, 27, 4.480022e+43
27, 33, -6.565378e+09
28, 20, -2.400048e+16
28, 22, 1.333360e+16
28, 26, -8.000160e+15
28, 28, 4.480022e+43
28, 32, 3.200064e+16
28, 34, 1.333360e+16
29, 19, 9.600048e+16
29, 23, 5.333360e+16
29, 25, 3.200016e+16
29, 29, 4.480022e+43
29, 31, -1.280006e+17
29, 35, 5.333360e+16
30, 24, -2.000000e+13
30, 30, 4.480022e+43
30, 36, -2.000000e+13
31, 25, -2.240011e+17
31, 29, -1.280006e+17
31, 31, 4.480022e+43
31, 35, 3.200016e+16
31, 37, -2.240011e+17
31, 41, 9.600048e+16
32, 26, -5.600112e+16
32, 28, 3.200064e+16
32, 32, 4.480022e+43
32, 34, -8.000160e+15
32, 38, -5.600112e+16
32, 40, -2.400048e+16
33, 27, -6.565378e+09
33, 33, 4.480022e+43
33, 39, -6.565378e+09
34, 26, -2.400048e+16
34, 28, 1.333360e+16
34, 32, -8.000160e+15
34, 34, 4.480022e+43
34, 38, 3.200064e+16
34, 40, 1.333360e+16
35, 25, 9.600048e+16
35, 29, 5.333360e+16
35, 31, 3.200016e+16
35, 35, 4.480022e+43
35, 37, -1.280006e+17
35, 41, 5.333360e+16
36, 30, -2.000000e+13
36, 36, 4.480022e+43
36, 42, -2.000000e+13
37, 31, -2.240011e+17
37, 35, -1.280006e+17
37, 37, 4.480022e+43
37, 41, 3.200016e+16
37, 43, -2.240011e+17
37, 47, 9.600048e+16
38, 32, -5.600112e+16
38, 34, 3.200064e+16
38, 38, 4.480022e+43
38, 40, -8.000160e+15
38, 44, -5.600112e+16
38, 46, -2.400048e+16
39, 33, -6.565378e+09
39, 39, 4.480022e+43
39, 45, -6.565378e+09
40, 32, -2.400048e+16
40, 34, 1.333360e+16
40, 38, -8.000160e+15
40, 40, 4.480022e+43
40, 44, 3.200064e+16
40, 46, 1.333360e+16
41, 31, 9.600048e+16
41, 35, 5.333360e+16
41, 37, 3.200016e+16
41, 41, 4.480022e+43
41, 43, -1.280006e+17
41, 47, 5.333360e+16
42, 36, -2.000000e+13
42, 42, 4.480022e+43
42, 48, -2.000000e+13
43, 37, -2.240011e+17
43, 41, -1.280006e+17
43, 43, 4.480022e+43
43, 47, 3.200016e+16
43, 49, -2.240011e+17
43, 53, 9.600048e+16
44, 38, -5.600112e+16
44, 40, 3.200064e+16
44, 44, 4.480022e+43
44, 46, -8.000160e+15
44, 50, -5.600112e+16
44, 52, -2.400048e+16
45, 39, -6.565378e+09
45, 45, 4.480022e+43
45, 51, -6.565378e+09
46, 38, -2.400048e+16
46, 40, 1.333360e+16
46, 44, -8.000160e+15
46, 46, 4.480022e+43
46, 50, 3.200064e+16
46, 52, 1.333360e+16
47, 37, 9.600048e+16
47, 41, 5.333360e+16
47, 43, 3.200016e+16
47, 47, 4.480022e+43
47, 49, -1.280006e+17
47, 53, 5.333360e+16
48, 42, -2.000000e+13
48, 48, 4.480022e+43
48, 54, -2.000000e+13
49, 43, -2.240011e+17
49, 47, -1.280006e+17
49, 49, 4.480022e+43
49, 53, 3.200016e+16
49, 55, -2.240011e+17
49, 59, 9.600048e+16
50, 44, -5.600112e+16
50, 46, 3.200064e+16
50, 50, 4.480022e+43
50, 52, -8.000160e+15
50, 56, -5.600112e+16
50, 58, -2.400048e+16
51, 45, -6.565378e+09
51, 51, 4.480022e+43
51, 57, -6.565378e+09
52, 44, -2.400048e+16
52, 46, 1.333360e+16
52, 50, -8.000160e+15
52, 52, 4.480022e+43
52, 56, 3.200064e+16
52, 58, 1.333360e+16
53, 43, 9.600048e+16
53, 47, 5.333360e+16
53, 49, 3.200016e+16
53, 53, 4.480022e+43
53, 55, -1.280006e+17
53, 59, 5.333360e+16
54, 48, -2.000000e+13
54, 54, 4.480022e+43
54, 60, -2.000000e+13
55, 49, -2.240011e+17
55, 53, -1.280006e+17
55, 55, 4.480022e+43
55, 59, 3.200016e+16
55, 61, -2.240011e+17
55, 65, 9.600048e+16
56, 50, -5.600112e+16
56, 52, 3.200064e+16
56, 56, 4.480022e+43
56, 58, -8.000160e+15
56, 62, -5.600112e+16
56, 64, -2.400048e+16
57, 51, -6.565378e+09
57, 57, 4.480022e+43
57, 63, -6.565378e+09
58, 50, -2.400048e+16
58, 52, 1.333360e+16
58, 56, -8.000160e+15
58, 58, 4.480022e+43
58, 62, 3.200064e+16
58, 64, 1.333360e+16
59, 49, 9.600048e+16
59, 53, 5.333360e+16
59, 55, 3.200016e+16
59, 59, 4.480022e+43
59, 61, -1.280006e+17
59, 65, 5.333360e+16
60, 54, -2.000000e+13
60, 60, 4.480022e+43
60, 66, -2.000000e+13
61, 55, -2.240011e+17
61, 59, -1.280006e+17
61, 61, 4.480022e+43
61, 65, 3.200016e+16
61, 67, -2.240011e+17
61, 71, 9.600048e+16
62, 56, -5.600112e+16
62, 58, 3.200064e+16
62, 62, 4.480022e+43
62, 64, -8.000160e+15
62, 68, -5.600112e+16
62, 70, -2.400048e+16
63, 57, -6.565378e+09
63, 63, 4.480022e+43
63, 69, -6.565378e+09
64, 56, -2.400048e+16
64, 58, 1.333360e+16
64, 62, -8.000160e+15
64, 64, 4.480022e+43
64, 68, 3.200064e+16
64, 70, 1.333360e+16
65, 55, 9.600048e+16
65, 59, 5.333360e+16
65, 61, 3.200016e+16
65, 65, 4.480022e+43
65, 67, -1.280006e+17
65, 71, 5.333360e+16
66, 60, -2.000000e+13
66, 66, 4.480022e+43
66, 72, -2.000000e+13
67, 61, -2.240011e+17
67, 65, -1.280006e+17
67, 67, 4.480022e+43
67, 71, 3.200016e+16
67, 73, -2.240011e+17
67, 77, 9.600048e+16
68, 62, -5.600112e+16
68, 64, 3.200064e+16
68, 68, 4.480022e+43
68, 70, -8.000160e+15
68, 74, -5.600112e+16
68, 76, -2.400048e+16
69, 63, -6.565378e+09
69, 69, 4.480022e+43
69, 75, -6.565378e+09
70, 62, -2.400048e+16
70, 64, 1.333360e+16
70, 68, -8.000160e+15
70, 70, 4.480022e+43
70, 74, 3.200064e+16
70, 76, 1.333360e+16
71, 61, 9.600048e+16
71, 65, 5.333360e+16
71, 67, 3.200016e+16
71, 71, 4.480022e+43
71, 73, -1.280006e+17
71, 77, 5.333360e+16
72, 66, -2.000000e+13
72, 72, 4.480022e+43
72, 78, -2.000000e+13
73, 67, -2.240011e+17
73, 71, -1.280006e+17
73, 73, 4.480022e+43
73, 77, 3.200016e+16
73, 79, -2.240011e+17
73, 83, 9.600048e+16
74, 68, -5.600112e+16
74, 70, 3.200064e+16
74, 74, 4.480022e+43
74, 76, -8.000160e+15
74, 80, -5.600112e+16
74, 82, -2.400048e+16
75, 69, -6.565378e+09
75, 75, 4.480022e+43
75, 81, -6.565378e+09
76, 68, -2.400048e+16
76, 70, 1.333360e+16
76, 74, -8.000160e+15
76, 76, 4.480022e+43
76, 80, 3.200064e+16
76, 82, 1.333360e+16
77, 67, 9.600048e+16
77, 71, 5.333360e+16
77, 73, 3.200016e+16
77, 77, 4.480022e+43
77, 79, -1.280006e+17
77, 83, 5.333360e+16
78, 72, -2.000000e+13
78, 78, 4.480022e+43
78, 84, -2.000000e+13
79, 73, -2.240011e+17
79, 77, -1.280006e+17
79, 79, 4.480022e+43
79, 83, 3.200016e+16
79, 85, -2.240011e+17
79, 89, 9.600048e+16
80, 74, -5.600112e+16
80, 76, 3.200064e+16
80, 80, 4.480022e+43
80, 82, -8.000160e+15
80, 86, -5.600112e+16
80, 88, -2.400048e+16
81, 75, -6.565378e+09
81, 81, 4.480022e+43
81, 87, -6.565378e+09
82, 74, -2.400048e+16
82, 76, 1.333360e+16
82, 80, -8.000160e+15
82, 82, 4.480022e+43
82, 86, 3.200064e+16
82, 88, 1.333360e+16
83, 73, 9.600048e+16
83, 77, 5.333360e+16
83, 79, 3.200016e+16
83, 83, 4.480022e+43
83, 85, -1.280006e+17
83, 89, 5.333360e+16
84, 78, -2.000000e+13
84, 84, 4.480022e+43
84, 90, -2.000000e+13
85, 79, -2.240011e+17
85, 83, -1.280006e+17
85, 85, 4.480022e+43
85, 89, 3.200016e+16
85, 91, -2.240011e+17
85, 95, 9.600048e+16
86, 80, -5.600112e+16
86, 82, 3.200064e+16
86, 86, 4.480022e+43
86, 88, -8.000160e+15
86, 92, -5.600112e+16
86, 94, -2.400048e+16
87, 81, -6.565378e+09
87, 87, 4.480022e+43
87, 93, -6.565378e+09
88, 80, -2.400048e+16
88, 82, 1.333360e+16
88, 86, -8.000160e+15
88, 88, 4.480022e+43
88, 92, 3.200064e+16
88, 94, 1.333360e+16
89, 79, 9.600048e+16
89, 83, 5.333360e+16
89, 85, 3.200016e+16
89, 89, 4.480022e+43
89, 91, -1.280006e+17
89, 95, 5.333360e+16
90, 84, -2.000000e+13
90, 90, 4.480022e+43
90, 96, -2.000000e+13
91, 85, -2.240011e+17
91, 89, -1.280006e+17
91, 91, 4.480022e+43
91, 95, 3.200016e+16
91, 97, -2.240011e+17
91, 101, 9.600048e+16
92, 86, -5.600112e+16
92, 88, 3.200064e+16
92, 92, 4.480022e+43
92, 94, -8.000160e+15
92, 98, -5.600112e+16
92, 100, -2.400048e+16
93, 87, -6.565378e+09
93, 93, 4.480022e+43
93, 99, -6.565378e+09
94, 86, -2.400048e+16
94, 88, 1.333360e+16
94, 92, -8.000160e+15
94, 94, 4.480022e+43
94, 98, 3.200064e+16
94, 100, 1.333360e+16
95, 85, 9.600048e+16
95, 89, 5.333360e+16
95, 91, 3.200016e+16
95, 95, 4.480022e+43
95, 97, -1.280006e+17
95, 101, 5.333360e+16
96, 90, -2.000000e+13
96, 96, 4.480022e+43
96, 102, -2.000000e+13
97, 91, -2.240011e+17
97, 95, -1.280006e+17
97, 97, 4.480022e+43
97, 101, 3.200016e+16
97, 103, -2.240011e+17
97, 107, 9.600048e+16
98, 92, -5.600112e+16
98, 94, 3.200064e+16
98, 98, 4.480022e+43
98, 100, -8.000160e+15
98, 104, -5.600112e+16
98, 106, -2.400048e+16
99, 93, -6.565378e+09
99, 99, 4.480022e+43
99, 105, -6.565378e+09
100, 92, -2.400048e+16
100, 94, 1.333360e+16
100, 98, -8.000160e+15
100, 100, 4.480022e+43
100, 104, 3.200064e+16
100, 106, 1.333360e+16
101, 91, 9.600048e+16
101, 95, 5.333360e+16
101, 97, 3.200016e+16
101, 101, 4.480022e+43
101, 103, -1.280006e+17
101, 107, 5.333360e+16
102, 96, -2.000000e+13
102, 102, 4.480022e+43
102, 108, -2.000000e+13
103, 97, -2.240011e+17
103, 101, -1.280006e+17
103, 103, 4.480022e+43
103, 107, 3.200016e+16
103, 109, -2.240011e+17
103, 113, 9.600048e+16
104, 98, -5.600112e+16
104, 100, 3.200064e+16
104, 104, 4.480022e+43
104, 106, -8.000160e+15
104, 110, -5.600112e+16
104, 112, -2.400048e+16
105, 99, -6.565378e+09
105, 105, 4.480022e+43
105, 111, -6.565378e+09
106, 98, -2.400048e+16
106, 100, 1.333360e+16
106, 104, -8.000160e+15
106, 106, 4.480022e+43
106, 110, 3.200064e+16
106, 112, 1.333360e+16
107, 97, 9.600048e+16
107, 101, 5.333360e+16
107, 103, 3.200016e+16
107, 107, 4.480022e+43
107, 109, -1.280006e+17
107, 113, 5.333360e+16
108, 102, -2.000000e+13
108, 108, 4.480022e+43
108, 114, -2.000000e+13
109, 103, -2.240011e+17
109, 107, -1.280006e+17
109, 109, 4.480022e+43
109, 113, 3.200016e+16
109, 115, -2.240011e+17
109, 119, 9.600048e+16
110, 104, -5.600112e+16
110, 106, 3.200064e+16
110, 110, 4.480022e+43
110, 112, -8.000160e+15
110, 116, -5.600112e+16
110, 118, -2.400048e+16
111, 105, -6.565378e+09
111, 111, 4.480022e+43
111, 117, -6.565378e+09
112, 104, -2.400048e+16
112, 106, 1.333360e+16
112, 110, -8.000160e+15
112, 112, 4.480022e+43
112, 116, 3.200064e+16
112, 118, 1.333360e+16
113, 103, 9.600048e+16
113, 107, 5.333360e+16
113, 109, 3.200016e+16
113, 113, 4.480022e+43
113, 115, -1.280006e+17
113, 119, 5.333360e+16
114, 108, -2.000000e+13
114, 114, 4.480022e+43
114, 120, -2.000000e+13
115, 109, -2.240011e+17
115, 113, -1.280006e+17
115, 115, 4.480022e+43
115, 119, 3.200016e+16
115, 121, -2.240011e+17
115, 125, 9.600048e+16
116, 110, -5.600112e+16
116, 112, 3.200064e+16
116, 116, 4.480022e+43
116, 118, -8.000160e+15
116, 122, -5.600112e+16
116, 124, -2.400048e+16
117, 111, -6.565378e+09
117, 117, 4.480022e+43
117, 123, -6.565378e+09
118, 110, -2.400048e+16
118, 112, 1.333360e+16
118, 116, -8.000160e+15
118, 118, 4.480022e+43
118, 122, 3.200064e+16
118, 124, 1.333360e+16
119, 109, 9.600048e+16
119, 113, 5.333360e+16
119, 115, 3.200016e+16
119, 119, 4.480022e+43
119, 121, -1.280006e+17
119, 125, 5.333360e+16
120, 114, -2.000000e+13
120, 120, 4.480022e+43
120, 126, -2.000000e+13
121, 115, -2.240011e+17
121, 119, -1.280006e+17
121, 121, 4.480022e+43
121, 125, 3.200016e+16
121, 127, -2.240011e+17
121, 131, 9.600048e+16
122, 116, -5.600112e+16
122, 118, 3.200064e+16
122, 122, 4.480022e+43
122, 124, -8.000160e+15
122, 128, -5.600112e+16
122, 130, -2.400048e+16
123, 117, -6.565378e+09
123, 123, 4.480022e+43
123, 129, -6.565378e+09
124, 116, -2.400048e+16
124, 118, 1.333360e+16
124, 122, -8.000160e+15
124, 124, 4.480022e+43
124, 128, 3.200064e+16
124, 130, 1.333360e+16
125, 115, 9.600048e+16
125, 119, 5.333360e+16
125, 121, 3.200016e+16
125, 125, 4.480022e+43
125, 127, -1.280006e+17
125, 131, 5.333360e+16
126, 120, -2.000000e+13
126, 126, 4.480022e+43
126, 132, -2.000000e+13
127, 121, -2.240011e+17
127, 125, -1.280006e+17
127, 127, 4.480022e+43
127, 131, 3.200016e+16
127, 133, -2.240011e+17
127, 137, 9.600048e+16
128, 122, -5.600112e+16
128, 124, 3.200064e+16
128, 128, 4.480022e+43
128, 130, -8.000160e+15
128, 134, -5.600112e+16
128, 136, -2.400048e+16
129, 123, -6.565378e+09
129, 129, 4.480022e+43
129, 135, -6.565378e+09
130, 122, -2.400048e+16
130, 124, 1.333360e+16
130, 128, -8.000160e+15
130, 130, 4.480022e+43
130, 134, 3.200064e+16
130, 136, 1.333360e+16
131, 121, 9.600048e+16
131, 125, 5.333360e+16
131, 127, 3.200016e+16
131, 131, 4.480022e+43
131, 133, -1.280006e+17
131, 137, 5.333360e+16
132, 126, -2.000000e+13
132, 132, 4.480022e+43
132, 138, -2.000000e+13
133, 127, -2.240011e+17
133, 131, -1.280006e+17
133, 133, 4.480022e+43
133, 137, 3.200016e+16
133, 139, -2.240011e+17
133, 143, 9.600048e+16
134, 128, -5.600112e+16
134, 130, 3.200064e+16
134, 134, 4.480022e+43
134, 136, -8.000160e+15
134, 140, -5.600112e+16
134, 142, -2.400048e+16
135, 129, -6.565378e+09
135, 135, 4.480022e+43
135, 141, -6.565378e+09
136, 128, -2.400048e+16
136, 130, 1.333360e+16
136, 134, -8.000160e+15
136, 136, 4.480022e+43
136, 140, 3.200064e+16
136, 142, 1.333360e+16
137, 127, 9.600048e+16
137, 131, 5.333360e+16
137, 133, 3.200016e+16
137, 137, 4.480022e+43
137, 139, -1.280006e+17
137, 143, 5.333360e+16
138, 132, -2.000000e+13
138, 138, 4.480022e+43
138, 144, -2.000000e+13
139, 133, -2.240011e+17
139, 137, -1.280006e+17
139, 139, 4.480022e+43
139, 143, 3.200016e+16
139, 145, -2.240011e+17
139, 149, 9.600048e+16
140, 134, -5.600112e+16
140, 136, 3.200064e+16
140, 140, 4.480022e+43
140, 142, -8.000160e+15
140, 146, -5.600112e+16
140, 148, -2.400048e+16
141, 135, -6.565378e+09
141, 141, 4.480022e+43
141, 147, -6.565378e+09
142, 134, -2.400048e+16
142, 136, 1.333360e+16
142, 140, -8.000160e+15
142, 142, 4.480022e+43
142, 146, 3.200064e+16
142, 148, 1.333360e+16
143, 133, 9.600048e+16
143, 137, 5.333360e+16
143, 139, 3.200016e+16
143, 143, 4.480022e+43
143, 145, -1.280006e+17
143, 149, 5.333360e+16
144, 138, -2.000000e+13
144, 144, 4.480022e+43
144, 150, -2.000000e+13
145, 139, -2.240011e+17
145, 143, -1.280006e+17
145, 145, 4.480022e+43
145, 149, 3.200016e+16
145, 151, -2.240011e+17
145, 155, 9.600048e+16
146, 140, -5.600112e+16
146, 142, 3.200064e+16
146, 146, 4.480022e+43
146, 148, -8.000160e+15
146, 152, -5.600112e+16
146, 154, -2.400048e+16
147, 141, -6.565378e+09
147, 147, 4.480022e+43
147, 153, -6.565378e+09
148, 140, -2.400048e+16
148, 142, 1.333360e+16
148, 146, -8.000160e+15
148, 148, 4.480022e+43
148, 152, 3.200064e+16
148, 154, 1.333360e+16
149, 139, 9.600048e+16
149, 143, 5.333360e+16
149, 145, 3.200016e+16
149, 149, 4.480022e+43
149, 151, -1.280006e+17
149, 155, 5.333360e+16
150, 144, -2.000000e+13
150, 150, 4.480022e+43
150, 156, -2.000000e+13
151, 145, -2.240011e+17
151, 149, -1.280006e+17
151, 151, 4.480022e+43
151, 155, 3.200016e+16
151, 157, -2.240011e+17
151, 161, 9.600048e+16
152, 146, -5.600112e+16
152, 148, 3.200064e+16
152, 152, 4.480022e+43
152, 154, -8.000160e+15
152, 158, -5.600112e+16
152, 160, -2.400048e+16
153, 147, -6.565378e+09
153, 153, 4.480022e+43
153, 159, -6.565378e+09
154, 146, -2.400048e+16
154, 148, 1.333360e+16
154, 152, -8.000160e+15
154, 154, 4.480022e+43
154, 158, 3.200064e+16
154, 160, 1.333360e+16
155, 145, 9.600048e+16
155, 149, 5.333360e+16
155, 151, 3.200016e+16
155, 155, 4.480022e+43
155, 157, -1.280006e+17
155, 161, 5.333360e+16
156, 150, -2.000000e+13
156, 156, 4.480022e+43
156, 162, -2.000000e+13
157, 151, -2.240011e+17
157, 155, -1.280006e+17
157, 157, 4.480022e+43
157, 161, 3.200016e+16
157, 163, -2.240011e+17
157, 167, 9.600048e+16
158, 152, -5.600112e+16
158, 154, 3.200064e+16
158, 158, 4.480022e+43
158, 160, -8.000160e+15
158, 164, -5.600112e+16
158, 166, -2.400048e+16
159, 153, -6.565378e+09
159, 159, 4.480022e+43
159, 165, -6.565378e+09
160, 152, -2.400048e+16
160, 154, 1.333360e+16
160, 158, -8.000160e+15
160, 160, 4.480022e+43
160, 164, 3.200064e+16
160, 166, 1.333360e+16
161, 151, 9.600048e+16
161, 155, 5.333360e+16
161, 157, 3.200016e+16
161, 161, 4.480022e+43
161, 163, -1.280006e+17
161, 167, 5.333360e+16
162, 156, -2.000000e+13
162, 162, 4.480022e+43
162, 168, -2.000000e+13
163, 157, -2.240011e+17
163, 161, -1.280006e+17
163, 163, 4.480022e+43
163, 167, 3.200016e+16
163, 169, -2.240011e+17
163, 173, 9.600048e+16
164, 158, -5.600112e+16
164, 160, 3.200064e+16
164, 164, 4.480022e+43
164, 166, -8.000160e+15
164, 170, -5.600112e+16
164, 172, -2.400048e+16
165, 159, -6.565378e+09
165, 165, 4.480022e+43
165, 171, -6.565378e+09
166, 158, -2.400048e+16
166, 160, 1.333360e+16
166, 164, -8.000160e+15
166, 166, 4.480022e+43
166, 170, 3.200064e+16
166, 172, 1.333360e+16
167, 157, 9.600048e+16
167, 161, 5.333360e+16
167, 163, 3.200016e+16
167, 167, 4.480022e+43
167, 169, -1.280006e+17
167, 173, 5.333360e+16
168, 162, -2.000000e+13
168, 168, 4.480022e+43
168, 174, -2.000000e+13
169, 163, -2.240011e+17
169, 167, -1.280006e+17
169, 169, 4.480022e+43
169, 173, 3.200016e+16
169, 175, -2.240011e+17
169, 179, 9.600048e+16
170, 164, -5.600112e+16
170, 166, 3.200064e+16
170, 170, 4.480022e+43
170, 172, -8.000160e+15
170, 176, -5.600112e+16
170, 178, -2.400048e+16
171, 165, -6.565378e+09
171, 171, 4.480022e+43
171, 177, -6.565378e+09
172, 164, -2.400048e+16
172, 166, 1.333360e+16
172, 170, -8.000160e+15
172, 172, 4.480022e+43
172, 176, 3.200064e+16
172, 178, 1.333360e+16
173, 163, 9.600048e+16
173, 167, 5.333360e+16
173, 169, 3.200016e+16
173, 173, 4.480022e+43
173, 175, -1.280006e+17
173, 179, 5.333360e+16
174, 168, -2.000000e+13
174, 174, 4.480022e+43
174, 180, -2.000000e+13
175, 169, -2.240011e+17
175, 173, -1.280006e+17
175, 175, 4.480022e+43
175, 179, 3.200016e+16
175, 181, -2.240011e+17
175, 185, 9.600048e+16
176, 170, -5.600112e+16
176, 172, 3.200064e+16
176, 176, 4.480022e+43
176, 178, -8.000160e+15
176, 182, -5.600112e+16
176, 184, -2.400048e+16
177, 171, -6.565378e+09
177, 177, 4.480022e+43
177, 183, -6.565378e+09
178, 170, -2.400048e+16
178, 172, 1.333360e+16
178, 176, -8.000160e+15
178, 178, 4.480022e+43
178, 182, 3.200064e+16
178, 184, 1.333360e+16
179, 169, 9.600048e+16
179, 173, 5.333360e+16
179, 175, 3.200016e+16
179, 179, 4.480022e+43
179, 181, -1.280006e+17
179, 185, 5.333360e+16
180, 174, -2.000000e+13
180, 180, 4.480022e+43
180, 186, -2.000000e+13
181, 175, -2.240011e+17
181, 179, -1.280006e+17
181, 181, 4.480022e+43
181, 185, 3.200016e+16
181, 187, -2.240011e+17
181, 191, 9.600048e+16
182, 176, -5.600112e+16
182, 178, 3.200064e+16
182, 182, 4.480022e+43
182, 184, -8.000160e+15
182, 188, -5.600112e+16
182, 190, -2.400048e+16
183, 177, -6.565378e+09
183, 183, 4.480022e+43
183, 189, -6.565378e+09
184, 176, -2.400048e+16
184, 178, 1.333360e+16
184, 182, -8.000160e+15
184, 184, 4.480022e+43
184, 188, 3.200064e+16
184, 190, 1.333360e+16
185, 175, 9.600048e+16
185, 179, 5.333360e+16
185, 181, 3.200016e+16
185, 185, 4.480022e+43
185, 187, -1.280006e+17
185, 191, 5.333360e+16
186, 180, -2.000000e+13
186, 186, 4.480022e+43
186, 192, -2.000000e+13
187, 181, -2.240011e+17
187, 185, -1.280006e+17
187, 187, 4.480022e+43
187, 191, 3.200016e+16
187, 193, -2.240011e+17
187, 197, 9.600048e+16
188, 182, -5.600112e+16
188, 184, 3.200064e+16
188, 188, 4.480022e+43
188, 190, -8.000160e+15
188, 194, -5.600112e+16
188, 196, -2.400048e+16
189, 183, -6.565378e+09
189, 189, 4.480022e+43
189, 195, -6.565378e+09
190, 182, -2.400048e+16
190, 184, 1.333360e+16
190, 188, -8.000160e+15
190, 190, 4.480022e+43
190, 194, 3.200064e+16
190, 196, 1.333360e+16
191, 181, 9.600048e+16
191, 185, 5.333360e+16
191, 187, 3.200016e+16
191, 191, 4.480022e+43
191, 193, -1.280006e+17
191, 197, 5.333360e+16
192, 186, -2.000000e+13
192, 192, 4.480022e+43
192, 198, -2.000000e+13
193, 187, -2.240011e+17
193, 191, -1.280006e+17
193, 193, 4.480022e+43
193, 197, 3.200016e+16
193, 199, -2.240011e+17
193, 203, 9.600048e+16
194, 188, -5.600112e+16
194, 190, 3.200064e+16
194, 194, 4.480022e+43
194, 196, -8.000160e+15
194, 200, -5.600112e+16
194, 202, -2.400048e+16
195, 189, -6.565378e+09
195, 195, 4.480022e+43
195, 201, -6.565378e+09
196, 188, -2.400048e+16
196, 190, 1.333360e+16
196, 194, -8.000160e+15
196, 196, 4.480022e+43
196, 200, 3.200064e+16
196, 202, 1.333360e+16
197, 187, 9.600048e+16
197, 191, 5.333360e+16
197, 193, 3.200016e+16
197, 197, 4.480022e+43
197, 199, -1.280006e+17
197, 203, 5.333360e+16
198, 192, -2.000000e+13
198, 198, 4.480022e+43
198, 204, -2.000000e+13
199, 193, -2.240011e+17
199, 197, -1.280006e+17
199, 199, 4.480022e+43
199, 203, 3.200016e+16
199, 205, -2.240011e+17
199, 209, 9.600048e+16
200, 194, -5.600112e+16
200, 196, 3.200064e+16
200, 200, 4.480022e+43
200, 202, -8.000160e+15
200, 206, -5.600112e+16
200, 208, -2.400048e+16
201, 195, -6.565378e+09
201, 201, 4.480022e+43
201, 207, -6.565378e+09
202, 194, -2.400048e+16
202, 196, 1.333360e+16
202, 200, -8.000160e+15
202, 202, 4.480022e+43
202, 206, 3.200064e+16
202, 208, 1.333360e+16
203, 193, 9.600048e+16
203, 197, 5.333360e+16
203, 199, 3.200016e+16
203, 203, 4.480022e+43
203, 205, -1.280006e+17
203, 209, 5.333360e+16
204, 198, -2.000000e+13
204, 204, 4.480022e+43
204, 210, -2.000000e+13
205, 199, -2.240011e+17
205, 203, -1.280006e+17
205, 205, 4.480022e+43
205, 209, 3.200016e+16
205, 211, -2.240011e+17
205, 215, 9.600048e+16
206, 200, -5.600112e+16
206, 202, 3.200064e+16
206, 206, 4.480022e+43
206, 208, -8.000160e+15
206, 212, -5.600112e+16
206, 214, -2.400048e+16
207, 201, -6.565378e+09
207, 207, 4.480022e+43
207, 213, -6.565378e+09
208, 200, -2.400048e+16
208, 202, 1.333360e+16
208, 206, -8.000160e+15
208, 208, 4.480022e+43
208, 212, 3.200064e+16
208, 214, 1.333360e+16
209, 199, 9.600048e+16
209, 203, 5.333360e+16
209, 205, 3.200016e+16
209, 209, 4.480022e+43
209, 211, -1.280006e+17
209, 215, 5.333360e+16
210, 204, -2.000000e+13
210, 210, 4.480022e+43
210, 216, -2.000000e+13
211, 205, -2.240011e+17
211, 209, -1.280006e+17
211, 211, 4.480022e+43
211, 215, 3.200016e+16
211, 217, -2.240011e+17
211, 221, 9.600048e+16
212, 206, -5.600112e+16
212, 208, 3.200064e+16
212, 212, 4.480022e+43
212, 214, -8.000160e+15
212, 218, -5.600112e+16
212, 220, -2.400048e+16
213, 207, -6.565378e+09
213, 213, 4.480022e+43
213, 219, -6.565378e+09
214, 206, -2.400048e+16
214, 208, 1.333360e+16
214, 212, -8.000160e+15
214, 214, 4.480022e+43
214, 218, 3.200064e+16
214, 220, 1.333360e+16
215, 205, 9.600048e+16
215, 209, 5.333360e+16
215, 211, 3.200016e+16
215, 215, 4.480022e+43
215, 217, -1.280006e+17
215, 221, 5.333360e+16
216, 210, -2.000000e+13
216, 216, 4.480022e+43
216, 222, -2.000000e+13
217, 211, -2.240011e+17
217, 215, -1.280006e+17
217, 217, 4.480022e+43
217, 221, 3.200016e+16
217, 223, -2.240011e+17
217, 227, 9.600048e+16
218, 212, -5.600112e+16
218, 214, 3.200064e+16
218, 218, 4.480022e+43
218, 220, -8.000160e+15
218, 224, -5.600112e+16
218, 226, -2.400048e+16
219, 213, -6.565378e+09
219, 219, 4.480022e+43
219, 225, -6.565378e+09
220, 212, -2.400048e+16
220, 214, 1.333360e+16
220, 218, -8.000160e+15
220, 220, 4.480022e+43
220, 224, 3.200064e+16
220, 226, 1.333360e+16
221, 211, 9.600048e+16
221, 215, 5.333360e+16
221, 217, 3.200016e+16
221, 221, 4.480022e+43
221, 223, -1.280006e+17
221, 227, 5.333360e+16
222, 216, -2.000000e+13
222, 222, 4.480022e+43
222, 228, -2.000000e+13
223, 217, -2.240011e+17
223, 221, -1.280006e+17
223, 223, 4.480022e+43
223, 227, 3.200016e+16
223, 229, -2.240011e+17
223, 233, 9.600048e+16
224, 218, -5.600112e+16
224, 220, 3.200064e+16
224, 224, 4.480022e+43
224, 226, -8.000160e+15
224, 230, -5.600112e+16
224, 232, -2.400048e+16
225, 219, -6.565378e+09
225, 225, 4.480022e+43
225, 231, -6.565378e+09
226, 218, -2.400048e+16
226, 220, 1.333360e+16
226, 224, -8.000160e+15
226, 226, 4.480022e+43
226, 230, 3.200064e+16
226, 232, 1.333360e+16
227, 217, 9.600048e+16
227, 221, 5.333360e+16
227, 223, 3.200016e+16
227, 227, 4.480022e+43
227, 229, -1.280006e+17
227, 233, 5.333360e+16
228, 222, -2.000000e+13
228, 228, 4.480022e+43
228, 234, -2.000000e+13
229, 223, -2.240011e+17
229, 227, -1.280006e+17
229, 229, 4.480022e+43
229, 233, 3.200016e+16
229, 235, -2.240011e+17
229, 239, 9.600048e+16
230, 224, -5.600112e+16
230, 226, 3.200064e+16
230, 230, 4.480022e+43
230, 232, -8.000160e+15
230, 236, -5.600112e+16
230, 238, -2.400048e+16
231, 225, -6.565378e+09
231, 231, 4.480022e+43
231, 237, -6.565378e+09
232, 224, -2.400048e+16
232, 226, 1.333360e+16
232, 230, -8.000160e+15
232, 232, 4.480022e+43
232, 236, 3.200064e+16
232, 238, 1.333360e+16
233, 223, 9.600048e+16
233, 227, 5.333360e+16
233, 229, 3.200016e+16
233, 233, 4.480022e+43
233, 235, -1.280006e+17
233, 239, 5.333360e+16
234, 228, -2.000000e+13
234, 234, 4.480022e+43
234, 240, -2.000000e+13
235, 229, -2.240011e+17
235, 233, -1.280006e+17
235, 235, 4.480022e+43
235, 239, 3.200016e+16
235, 241, -2.240011e+17
235, 245, 9.600048e+16
236, 230, -5.600112e+16
236, 232, 3.200064e+16
236, 236, 4.480022e+43
236, 238, -8.000160e+15
236, 242, -5.600112e+16
236, 244, -2.400048e+16
237, 231, -6.565378e+09
237, 237, 4.480022e+43
237, 243, -6.565378e+09
238, 230, -2.400048e+16
238, 232, 1.333360e+16
238, 236, -8.000160e+15
238, 238, 4.480022e+43
238, 242, 3.200064e+16
238, 244, 1.333360e+16
239, 229, 9.600048e+16
239, 233, 5.333360e+16
239, 235, 3.200016e+16
239, 239, 4.480022e+43
239, 241, -1.280006e+17
239, 245, 5.333360e+16
240, 234, -2.000000e+13
240, 240, 4.480022e+43
240, 246, -2.000000e+13
241, 235, -2.240011e+17
241, 239, -1.280006e+17
241, 241, 4.480022e+43
241, 245, 3.200016e+16
241, 247, -2.240011e+17
241, 251, 9.600048e+16
242, 236, -5.600112e+16
242, 238, 3.200064e+16
242, 242, 4.480022e+43
242, 244, -8.000160e+15
242, 248, -5.600112e+16
242, 250, -2.400048e+16
243, 237, -6.565378e+09
243, 243, 4.480022e+43
243, 249, -6.565378e+09
244, 236, -2.400048e+16
244, 238, 1.333360e+16
244, 242, -8.000160e+15
244, 244, 4.480022e+43
244, 248, 3.200064e+16
244, 250, 1.333360e+16
245, 235, 9.600048e+16
245, 239, 5.333360e+16
245, 241, 3.200016e+16
245, 245, 4.480022e+43
245, 247, -1.280006e+17
245, 251, 5.333360e+16
246, 240, -2.000000e+13
246, 246, 4.480022e+43
246, 252, -2.000000e+13
247, 241, -2.240011e+17
247, 245, -1.280006e+17
247, 247, 4.480022e+43
247, 251, 3.200016e+16
247, 253, -2.240011e+17
247, 257, 9.600048e+16
248, 242, -5.600112e+16
248, 244, 3.200064e+16
248, 248, 4.480022e+43
248, 250, -8.000160e+15
248, 254, -5.600112e+16
248, 256, -2.400048e+16
249, 243, -6.565378e+09
249, 249, 4.480022e+43
249, 255, -6.565378e+09
250, 242, -2.400048e+16
250, 244, 1.333360e+16
250, 248, -8.000160e+15
250, 250, 4.480022e+43
250, 254, 3.200064e+16
250, 256, 1.333360e+16
251, 241, 9.600048e+16
251, 245, 5.333360e+16
251, 247, 3.200016e+16
251, 251, 4.480022e+43
251, 253, -1.280006e+17
251, 257, 5.333360e+16
252, 246, -2.000000e+13
252, 252, 4.480022e+43
252, 258, -2.000000e+13
253, 247, -2.240011e+17
253, 251, -1.280006e+17
253, 253, 4.480022e+43
253, 257, 3.200016e+16
253, 259, -2.240011e+17
253, 263, 9.600048e+16
254, 248, -5.600112e+16
254, 250, 3.200064e+16
254, 254, 4.480022e+43
254, 256, -8.000160e+15
254, 260, -5.600112e+16
254, 262, -2.400048e+16
255, 249, -6.565378e+09
255, 255, 4.480022e+43
255, 261, -6.565378e+09
256, 248, -2.400048e+16
256, 250, 1.333360e+16
256, 254, -8.000160e+15
256, 256, 4.480022e+43
256, 260, 3.200064e+16
256, 262, 1.333360e+16
257, 247, 9.600048e+16
257, 251, 5.333360e+16
257, 253, 3.200016e+16
257, 257, 4.480022e+43
257, 259, -1.280006e+17
257, 263, 5.333360e+16
258, 252, -2.000000e+13
258, 258, 4.480022e+43
258, 264, -2.000000e+13
259, 253, -2.240011e+17
259, 257, -1.280006e+17
259, 259, 4.480022e+43
259, 263, 3.200016e+16
259, 265, -2.240011e+17
259, 269, 9.600048e+16
260, 254, -5.600112e+16
260, 256, 3.200064e+16
260, 260, 4.480022e+43
260, 262, -8.000160e+15
260, 266, -5.600112e+16
260, 268, -2.400048e+16
261, 255, -6.565378e+09
261, 261, 4.480022e+43
261, 267, -6.565378e+09
262, 254, -2.400048e+16
262, 256, 1.333360e+16
262, 260, -8.000160e+15
262, 262, 4.480022e+43
262, 266, 3.200064e+16
262, 268, 1.333360e+16
263, 253, 9.600048e+16
263, 257, 5.333360e+16
263, 259, 3.200016e+16
263, 263, 4.480022e+43
263, 265, -1.280006e+17
263, 269, 5.333360e+16
264, 258, -2.000000e+13
264, 264, 4.480022e+43
264, 270, -2.000000e+13
265, 259, -2.240011e+17
265, 263, -1.280006e+17
265, 265, 4.480022e+43
265, 269, 3.200016e+16
265, 271, -2.240011e+17
265, 275, 9.600048e+16
266, 260, -5.600112e+16
266, 262, 3.200064e+16
266, 266, 4.480022e+43
266, 268, -8.000160e+15
266, 272, -5.600112e+16
266, 274, -2.400048e+16
267, 261, -6.565378e+09
267, 267, 4.480022e+43
267, 273, -6.565378e+09
268, 260, -2.400048e+16
268, 262, 1.333360e+16
268, 266, -8.000160e+15
268, 268, 4.480022e+43
268, 272, 3.200064e+16
268, 274, 1.333360e+16
269, 259, 9.600048e+16
269, 263, 5.333360e+16
269, 265, 3.200016e+16
269, 269, 4.480022e+43
269, 271, -1.280006e+17
269, 275, 5.333360e+16
270, 264, -2.000000e+13
270, 270, 4.480022e+43
270, 276, -2.000000e+13
271, 265, -2.240011e+17
271, 269, -1.280006e+17
271, 271, 4.480022e+43
271, 275, 3.200016e+16
271, 277, -2.240011e+17
271, 281, 9.600048e+16
272, 266, -5.600112e+16
272, 268, 3.200064e+16
272, 272, 4.480022e+43
272, 274, -8.000160e+15
272, 278, -5.600112e+16
272, 280, -2.400048e+16
273, 267, -6.565378e+09
273, 273, 4.480022e+43
273, 279, -6.565378e+09
274, 266, -2.400048e+16
274, 268, 1.333360e+16
274, 272, -8.000160e+15
274, 274, 4.480022e+43
274, 278, 3.200064e+16
274, 280, 1.333360e+16
275, 265, 9.600048e+16
275, 269, 5.333360e+16
275, 271, 3.200016e+16
275, 275, 4.480022e+43
275, 277, -1.280006e+17
275, 281, 5.333360e+16
276, 270, -2.000000e+13
276, 276, 4.480022e+43
276, 282, -2.000000e+13
277, 271, -2.240011e+17
277, 275, -1.280006e+17
277, 277, 4.480022e+43
277, 281, 3.200016e+16
277, 283, -2.240011e+17
277, 287, 9.600048e+16
278, 272, -5.600112e+16
278, 274, 3.200064e+16
278, 278, 4.480022e+43
278, 280, -8.000160e+15
278, 284, -5.600112e+16
278, 286, -2.400048e+16
279, 273, -6.565378e+09
279, 279, 4.480022e+43
279, 285, -6.565378e+09
280, 272, -2.400048e+16
280, 274, 1.333360e+16
280, 278, -8.000160e+15
280, 280, 4.480022e+43
280, 284, 3.200064e+16
280, 286, 1.333360e+16
281, 271, 9.600048e+16
281, 275, 5.333360e+16
281, 277, 3.200016e+16
281, 281, 4.480022e+43
281, 283, -1.280006e+17
281, 287, 5.333360e+16
282, 276, -2.000000e+13
282, 282, 4.480022e+43
282, 288, -2.000000e+13
283, 277, -2.240011e+17
283, 281, -1.280006e+17
283, 283, 4.480022e+43
283, 287, 3.200016e+16
283, 289, -2.240011e+17
283, 293, 9.600048e+16
284, 278, -5.600112e+16
284, 280, 3.200064e+16
284, 284, 4.480022e+43
284, 286, -8.000160e+15
284, 290, -5.600112e+16
284, 292, -2.400048e+16
285, 279, -6.565378e+09
285, 285, 4.480022e+43
285, 291, -6.565378e+09
286, 278, -2.400048e+16
286, 280, 1.333360e+16
286, 284, -8.000160e+15
286, 286, 4.480022e+43
286, 290, 3.200064e+16
286, 292, 1.333360e+16
287, 277, 9.600048e+16
287, 281, 5.333360e+16
287, 283, 3.200016e+16
287, 287, 4.480022e+43
287, 289, -1.280006e+17
287, 293, 5.333360e+16
288, 282, -2.000000e+13
288, 288, 4.480022e+43
288, 294, -2.000000e+13
289, 283, -2.240011e+17
289, 287, -1.280006e+17
289, 289, 4.480022e+43
289, 293, 3.200016e+16
289, 295, -2.240011e+17
289, 299, 9.600048e+16
290, 284, -5.600112e+16
290, 286, 3.200064e+16
290, 290, 4.480022e+43
290, 292, -8.000160e+15
290, 296, -5.600112e+16
290, 298, -2.400048e+16
291, 285, -6.565378e+09
291, 291, 4.480022e+43
291, 297, -6.565378e+09
292, 284, -2.400048e+16
292, 286, 1.333360e+16
292, 290, -8.000160e+15
292, 292, 4.480022e+43
292, 296, 3.200064e+16
292, 298, 1.333360e+16
293, 283, 9.600048e+16
293, 287, 5.333360e+16
293, 289, 3.200016e+16
293, 293, 4.480022e+43
293, 295, -1.280006e+17
293, 299, 5.333360e+16
294, 288, -2.000000e+13
294, 294, 4.480022e+43
294, 300, -2.000000e+13
295, 289, -2.240011e+17
295, 293, -1.280006e+17
295, 295, 4.480022e+43
295, 299, 3.200016e+16
295, 301, -2.240011e+17
295, 305, 9.600048e+16
296, 290, -5.600112e+16
296, 292, 3.200064e+16
296, 296, 4.480022e+43
296, 298, -8.000160e+15
296, 302, -5.600112e+16
296, 304, -2.400048e+16
297, 291, -6.565378e+09
297, 297, 4.480022e+43
297, 303, -6.565378e+09
298, 290, -2.400048e+16
298, 292, 1.333360e+16
298, 296, -8.000160e+15
298, 298, 4.480022e+43
298, 302, 3.200064e+16
298, 304, 1.333360e+16
299, 289, 9.600048e+16
299, 293, 5.333360e+16
299, 295, 3.200016e+16
299, 299, 4.480022e+43
299, 301, -1.280006e+17
299, 305, 5.333360e+16
300, 294, -2.000000e+13
300, 300, 4.480022e+43
300, 306, -2.000000e+13
301, 295, -2.240011e+17
301, 299, -1.280006e+17
301, 301, 4.480022e+43
301, 305, 3.200016e+16
301, 307, -2.240011e+17
301, 311, 9.600048e+16
302, 296, -5.600112e+16
302, 298, 3.200064e+16
302, 302, 4.480022e+43
302, 304, -8.000160e+15
302, 308, -5.600112e+16
302, 310, -2.400048e+16
303, 297, -6.565378e+09
303, 303, 4.480022e+43
303, 309, -6.565378e+09
304, 296, -2.400048e+16
304, 298, 1.333360e+16
304, 302, -8.000160e+15
304, 304, 4.480022e+43
304, 308, 3.200064e+16
304, 310, 1.333360e+16
305, 295, 9.600048e+16
305, 299, 5.333360e+16
305, 301, 3.200016e+16
305, 305, 4.480022e+43
305, 307, -1.280006e+17
305, 311, 5.333360e+16
306, 300, -2.000000e+13
306, 306, 4.480022e+43
306, 312, -2.000000e+13
307, 301, -2.240011e+17
307, 305, -1.280006e+17
307, 307, 4.480022e+43
307, 311, 3.200016e+16
307, 313, -2.240011e+17
307, 317, 9.600048e+16
308, 302, -5.600112e+16
308, 304, 3.200064e+16
308, 308, 4.480022e+43
308, 310, -8.000160e+15
308, 314, -5.600112e+16
308, 316, -2.400048e+16
309, 303, -6.565378e+09
309, 309, 4.480022e+43
309, 315, -6.565378e+09
310, 302, -2.400048e+16
310, 304, 1.333360e+16
310, 308, -8.000160e+15
310, 310, 4.480022e+43
310, 314, 3.200064e+16
310, 316, 1.333360e+16
311, 301, 9.600048e+16
311, 305, 5.333360e+16
311, 307, 3.200016e+16
311, 311, 4.480022e+43
311, 313, -1.280006e+17
311, 317, 5.333360e+16
312, 306, -2.000000e+13
312, 312, 4.480022e+43
312, 318, -2.000000e+13
313, 307, -2.240011e+17
313, 311, -1.280006e+17
313, 313, 4.480022e+43
313, 317, 3.200016e+16
313, 319, -2.240011e+17
313, 323, 9.600048e+16
314, 308, -5.600112e+16
314, 310, 3.200064e+16
314, 314, 4.480022e+43
314, 316, -8.000160e+15
314, 320, -5.600112e+16
314, 322, -2.400048e+16
315, 309, -6.565378e+09
315, 315, 4.480022e+43
315, 321, -6.565378e+09
316, 308, -2.400048e+16
316, 310, 1.333360e+16
316, 314, -8.000160e+15
316, 316, 4.480022e+43
316, 320, 3.200064e+16
316, 322, 1.333360e+16
317, 307, 9.600048e+16
317, 311, 5.333360e+16
317, 313, 3.200016e+16
317, 317, 4.480022e+43
317, 319, -1.280006e+17
317, 323, 5.333360e+16
318, 312, -2.000000e+13
318, 318, 4.480022e+43
318, 324, -2.000000e+13
319, 313, -2.240011e+17
319, 317, -1.280006e+17
319, 319, 4.480022e+43
319, 323, 3.200016e+16
319, 325, -2.240011e+17
319, 329, 9.600048e+16
320, 314, -5.600112e+16
320, 316, 3.200064e+16
320, 320, 4.480022e+43
320, 322, -8.000160e+15
320, 326, -5.600112e+16
320, 328, -2.400048e+16
321, 315, -6.565378e+09
321, 321, 4.480022e+43
321, 327, -6.565378e+09
322, 314, -2.400048e+16
322, 316, 1.333360e+16
322, 320, -8.000160e+15
322, 322, 4.480022e+43
322, 326, 3.200064e+16
322, 328, 1.333360e+16
323, 313, 9.600048e+16
323, 317, 5.333360e+16
323, 319, 3.200016e+16
323, 323, 4.480022e+43
323, 325, -1.280006e+17
323, 329, 5.333360e+16
324, 318, -2.000000e+13
324, 324, 4.480022e+43
324, 330, -2.000000e+13
325, 319, -2.240011e+17
325, 323, -1.280006e+17
325, 325, 4.480022e+43
325, 329, 3.200016e+16
325, 331, -2.240011e+17
325, 335, 9.600048e+16
326, 320, -5.600112e+16
326, 322, 3.200064e+16
326, 326, 4.480022e+43
326, 328, -8.000160e+15
326, 332, -5.600112e+16
326, 334, -2.400048e+16
327, 321, -6.565378e+09
327, 327, 4.480022e+43
327, 333, -6.565378e+09
328, 320, -2.400048e+16
328, 322, 1.333360e+16
328, 326, -8.000160e+15
328, 328, 4.480022e+43
328, 332, 3.200064e+16
328, 334, 1.333360e+16
329, 319, 9.600048e+16
329, 323, 5.333360e+16
329, 325, 3.200016e+16
329, 329, 4.480022e+43
329, 331, -1.280006e+17
329, 335, 5.333360e+16
330, 324, -2.000000e+13
330, 330, 4.480022e+43
330, 336, -2.000000e+13
331, 325, -2.240011e+17
331, 329, -1.280006e+17
331, 331, 4.480022e+43
331, 335, 3.200016e+16
331, 337, -2.240011e+17
331, 341, 9.600048e+16
332, 326, -5.600112e+16
332, 328, 3.200064e+16
332, 332, 4.480022e+43
332, 334, -8.000160e+15
332, 338, -5.600112e+16
332, 340, -2.400048e+16
333, 327, -6.565378e+09
333, 333, 4.480022e+43
333, 339, -6.565378e+09
334, 326, -2.400048e+16
334, 328, 1.333360e+16
334, 332, -8.000160e+15
334, 334, 4.480022e+43
334, 338, 3.200064e+16
334, 340, 1.333360e+16
335, 325, 9.600048e+16
335, 329, 5.333360e+16
335, 331, 3.200016e+16
335, 335, 4.480022e+43
335, 337, -1.280006e+17
335, 341, 5.333360e+16
336, 330, -2.000000e+13
336, 336, 4.480022e+43
336, 342, -2.000000e+13
337, 331, -2.240011e+17
337, 335, -1.280006e+17
337, 337, 4.480022e+43
337, 341, 3.200016e+16
337, 343, -2.240011e+17
337, 347, 9.600048e+16
338, 332, -5.600112e+16
338, 334, 3.200064e+16
338, 338, 4.480022e+43
338, 340, -8.000160e+15
338, 344, -5.600112e+16
338, 346, -2.400048e+16
339, 333, -6.565378e+09
339, 339, 4.480022e+43
339, 345, -6.565378e+09
340, 332, -2.400048e+16
340, 334, 1.333360e+16
340, 338, -8.000160e+15
340, 340, 4.480022e+43
340, 344, 3.200064e+16
340, 346, 1.333360e+16
341, 331, 9.600048e+16
341, 335, 5.333360e+16
341, 337, 3.200016e+16
341, 341, 4.480022e+43
341, 343, -1.280006e+17
341, 347, 5.333360e+16
342, 336, -2.000000e+13
342, 342, 4.480022e+43
342, 348, -2.000000e+13
343, 337, -2.240011e+17
343, 341, -1.280006e+17
343, 343, 4.480022e+43
343, 347, 3.200016e+16
343, 349, -2.240011e+17
343, 353, 9.600048e+16
344, 338, -5.600112e+16
344, 340, 3.200064e+16
344, 344, 4.480022e+43
344, 346, -8.000160e+15
344, 350, -5.600112e+16
344, 352, -2.400048e+16
345, 339, -6.565378e+09
345, 345, 4.480022e+43
345, 351, -6.565378e+09
346, 338, -2.400048e+16
346, 340, 1.333360e+16
346, 344, -8.000160e+15
346, 346, 4.480022e+43
346, 350, 3.200064e+16
346, 352, 1.333360e+16
347, 337, 9.600048e+16
347, 341, 5.333360e+16
347, 343, 3.200016e+16
347, 347, 4.480022e+43
347, 349, -1.280006e+17
347, 353, 5.333360e+16
348, 342, -2.000000e+13
348, 348, 4.480022e+43
348, 354, -2.000000e+13
349, 343, -2.240011e+17
349, 347, -1.280006e+17
349, 349, 4.480022e+43
349, 353, 3.200016e+16
349, 355, -2.240011e+17
349, 359, 9.600048e+16
350, 344, -5.600112e+16
350, 346, 3.200064e+16
350, 350, 4.480022e+43
350, 352, -8.000160e+15
350, 356, -5.600112e+16
350, 358, -2.400048e+16
351, 345, -6.565378e+09
351, 351, 4.480022e+43
351, 357, -6.565378e+09
352, 344, -2.400048e+16
352, 346, 1.333360e+16
352, 350, -8.000160e+15
352, 352, 4.480022e+43
352, 356, 3.200064e+16
352, 358, 1.333360e+16
353, 343, 9.600048e+16
353, 347, 5.333360e+16
353, 349, 3.200016e+16
353, 353, 4.480022e+43
353, 355, -1.280006e+17
353, 359, 5.333360e+16
354, 348, -2.000000e+13
354, 354, 4.480022e+43
354, 360, -2.000000e+13
355, 349, -2.240011e+17
355, 353, -1.280006e+17
355, 355, 4.480022e+43
355, 359, 3.200016e+16
355, 361, -2.240011e+17
355, 365, 9.600048e+16
356, 350, -5.600112e+16
356, 352, 3.200064e+16
356, 356, 4.480022e+43
356, 358, -8.000160e+15
356, 362, -5.600112e+16
356, 364, -2.400048e+16
357, 351, -6.565378e+09
357, 357, 4.480022e+43
357, 363, -6.565378e+09
358, 350, -2.400048e+16
358, 352, 1.333360e+16
358, 356, -8.000160e+15
358, 358, 4.480022e+43
358, 362, 3.200064e+16
358, 364, 1.333360e+16
359, 349, 9.600048e+16
359, 353, 5.333360e+16
359, 355, 3.200016e+16
359, 359, 4.480022e+43
359, 361, -1.280006e+17
359, 365, 5.333360e+16
360, 354, -2.000000e+13
360, 360, 4.480022e+43
360, 366, -2.000000e+13
361, 355, -2.240011e+17
361, 359, -1.280006e+17
361, 361, 4.480022e+43
361, 365, 3.200016e+16
361, 367, -2.240011e+17
361, 371, 9.600048e+16
362, 356, -5.600112e+16
362, 358, 3.200064e+16
362, 362, 4.480022e+43
362, 364, -8.000160e+15
362, 368, -5.600112e+16
362, 370, -2.400048e+16
363, 357, -6.565378e+09
363, 363, 4.480022e+43
363, 369, -6.565378e+09
364, 356, -2.400048e+16
364, 358, 1.333360e+16
364, 362, -8.000160e+15
364, 364, 4.480022e+43
364, 368, 3.200064e+16
364, 370, 1.333360e+16
365, 355, 9.600048e+16
365, 359, 5.333360e+16
365, 361, 3.200016e+16
365, 365, 4.480022e+43
365, 367, -1.280006e+17
365, 371, 5.333360e+16
366, 360, -2.000000e+13
366, 366, 4.480022e+43
366, 372, -2.000000e+13
367, 361, -2.240011e+17
367, 365, -1.280006e+17
367, 367, 4.480022e+43
367, 371, 3.200016e+16
367, 373, -2.240011e+17
367, 377, 9.600048e+16
368, 362, -5.600112e+16
368, 364, 3.200064e+16
368, 368, 4.480022e+43
368, 370, -8.000160e+15
368, 374, -5.600112e+16
368, 376, -2.400048e+16
369, 363, -6.565378e+09
369, 369, 4.480022e+43
369, 375, -6.565378e+09
370, 362, -2.400048e+16
370, 364, 1.333360e+16
370, 368, -8.000160e+15
370, 370, 4.480022e+43
370, 374, 3.200064e+16
370, 376, 1.333360e+16
371, 361, 9.600048e+16
371, 365, 5.333360e+16
371, 367, 3.200016e+16
371, 371, 4.480022e+43
371, 373, -1.280006e+17
371, 377, 5.333360e+16
372, 366, -2.000000e+13
372, 372, 4.480022e+43
372, 378, -2.000000e+13
373, 367, -2.240011e+17
373, 371, -1.280006e+17
373, 373, 4.480022e+43
373, 377, 3.200016e+16
373, 379, -2.240011e+17
373, 383, 9.600048e+16
374, 368, -5.600112e+16
374, 370, 3.200064e+16
374, 374, 4.480022e+43
374, 376, -8.000160e+15
374, 380, -5.600112e+16
374, 382, -2.400048e+16
375, 369, -6.565378e+09
375, 375, 4.480022e+43
375, 381, -6.565378e+09
376, 368, -2.400048e+16
376, 370, 1.333360e+16
376, 374, -8.000160e+15
376, 376, 4.480022e+43
376, 380, 3.200064e+16
376, 382, 1.333360e+16
377, 367, 9.600048e+16
377, 371, 5.333360e+16
377, 373, 3.200016e+16
377, 377, 4.480022e+43
377, 379, -1.280006e+17
377, 383, 5.333360e+16
378, 372, -2.000000e+13
378, 378, 4.480022e+43
378, 384, -2.000000e+13
379, 373, -2.240011e+17
379, 377, -1.280006e+17
379, 379, 4.480022e+43
379, 383, 3.200016e+16
379, 385, -2.240011e+17
379, 389, 9.600048e+16
380, 374, -5.600112e+16
380, 376, 3.200064e+16
380, 380, 4.480022e+43
380, 382, -8.000160e+15
380, 386, -5.600112e+16
380, 388, -2.400048e+16
381, 375, -6.565378e+09
381, 381, 4.480022e+43
381, 387, -6.565378e+09
382, 374, -2.400048e+16
382, 376, 1.333360e+16
382, 380, -8.000160e+15
382, 382, 4.480022e+43
382, 386, 3.200064e+16
382, 388, 1.333360e+16
383, 373, 9.600048e+16
383, 377, 5.333360e+16
383, 379, 3.200016e+16
383, 383, 4.480022e+43
383, 385, -1.280006e+17
383, 389, 5.333360e+16
384, 378, -2.000000e+13
384, 384, 4.480022e+43
384, 390, -2.000000e+13
385, 379, -2.240011e+17
385, 383, -1.280006e+17
385, 385, 4.480022e+43
385, 389, 3.200016e+16
385, 391, -2.240011e+17
385, 395, 9.600048e+16
386, 380, -5.600112e+16
386, 382, 3.200064e+16
386, 386, 4.480022e+43
386, 388, -8.000160e+15
386, 392, -5.600112e+16
386, 394, -2.400048e+16
387, 381, -6.565378e+09
387, 387, 4.480022e+43
387, 393, -6.565378e+09
388, 380, -2.400048e+16
388, 382, 1.333360e+16
388, 386, -8.000160e+15
388, 388, 4.480022e+43
388, 392, 3.200064e+16
388, 394, 1.333360e+16
389, 379, 9.600048e+16
389, 383, 5.333360e+16
389, 385, 3.200016e+16
389, 389, 4.480022e+43
389, 391, -1.280006e+17
389, 395, 5.333360e+16
390, 384, -2.000000e+13
390, 390, 4.480022e+43
390, 396, -2.000000e+13
391, 385, -2.240011e+17
391, 389, -1.280006e+17
391, 391, 4.480022e+43
391, 395, 3.200016e+16
391, 397, -2.240011e+17
391, 401, 9.600048e+16
392, 386, -5.600112e+16
392, 388, 3.200064e+16
392, 392, 4.480022e+43
392, 394, -8.000160e+15
392, 398, -5.600112e+16
392, 400, -2.400048e+16
393, 387, -6.565378e+09
393, 393, 4.480022e+43
393, 399, -6.565378e+09
394, 386, -2.400048e+16
394, 388, 1.333360e+16
394, 392, -8.000160e+15
394, 394, 4.480022e+43
394, 398, 3.200064e+16
394, 400, 1.333360e+16
395, 385, 9.600048e+16
395, 389, 5.333360e+16
395, 391, 3.200016e+16
395, 395, 4.480022e+43
395, 397, -1.280006e+17
395, 401, 5.333360e+16
396, 390, -2.000000e+13
396, 396, 4.480022e+43
396, 402, -2.000000e+13
397, 391, -2.240011e+17
397, 395, -1.280006e+17
397, 397, 4.480022e+43
397, 401, 3.200016e+16
397, 403, -2.240011e+17
397, 407, 9.600048e+16
398, 392, -5.600112e+16
398, 394, 3.200064e+16
398, 398, 4.480022e+43
398, 400, -8.000160e+15
398, 404, -5.600112e+16
398, 406, -2.400048e+16
399, 393, -6.565378e+09
399, 399, 4.480022e+43
399, 405, -6.565378e+09
400, 392, -2.400048e+16
400, 394, 1.333360e+16
400, 398, -8.000160e+15
400, 400, 4.480022e+43
400, 404, 3.200064e+16
400, 406, 1.333360e+16
401, 391, 9.600048e+16
401, 395, 5.333360e+16
401, 397, 3.200016e+16
401, 401, 4.480022e+43
401, 403, -1.280006e+17
401, 407, 5.333360e+16
402, 396, -2.000000e+13
402, 402, 4.480022e+43
402, 408, -2.000000e+13
403, 397, -2.240011e+17
403, 401, -1.280006e+17
403, 403, 4.480022e+43
403, 407, 3.200016e+16
403, 409, -2.240011e+17
403, 413, 9.600048e+16
404, 398, -5.600112e+16
404, 400, 3.200064e+16
404, 404, 4.480022e+43
404, 406, -8.000160e+15
404, 410, -5.600112e+16
404, 412, -2.400048e+16
405, 399, -6.565378e+09
405, 405, 4.480022e+43
405, 411, -6.565378e+09
406, 398, -2.400048e+16
406, 400, 1.333360e+16
406, 404, -8.000160e+15
406, 406, 4.480022e+43
406, 410, 3.200064e+16
406, 412, 1.333360e+16
407, 397, 9.600048e+16
407, 401, 5.333360e+16
407, 403, 3.200016e+16
407, 407, 4.480022e+43
407, 409, -1.280006e+17
407, 413, 5.333360e+16
408, 402, -2.000000e+13
408, 408, 4.480022e+43
408, 414, -2.000000e+13
409, 403, -2.240011e+17
409, 407, -1.280006e+17
409, 409, 4.480022e+43
409, 413, 3.200016e+16
409, 415, -2.240011e+17
409, 419, 9.600048e+16
410, 404, -5.600112e+16
410, 406, 3.200064e+16
410, 410, 4.480022e+43
410, 412, -8.000160e+15
410, 416, -5.600112e+16
410, 418, -2.400048e+16
411, 405, -6.565378e+09
411, 411, 4.480022e+43
411, 417, -6.565378e+09
412, 404, -2.400048e+16
412, 406, 1.333360e+16
412, 410, -8.000160e+15
412, 412, 4.480022e+43
412, 416, 3.200064e+16
412, 418, 1.333360e+16
413, 403, 9.600048e+16
413, 407, 5.333360e+16
413, 409, 3.200016e+16
413, 413, 4.480022e+43
413, 415, -1.280006e+17
413, 419, 5.333360e+16
414, 408, -2.000000e+13
414, 414, 4.480022e+43
414, 420, -2.000000e+13
415, 409, -2.240011e+17
415, 413, -1.280006e+17
415, 415, 4.480022e+43
415, 419, 3.200016e+16
415, 421, -2.240011e+17
415, 425, 9.600048e+16
416, 410, -5.600112e+16
416, 412, 3.200064e+16
416, 416, 4.480022e+43
416, 418, -8.000160e+15
416, 422, -5.600112e+16
416, 424, -2.400048e+16
417, 411, -6.565378e+09
417, 417, 4.480022e+43
417, 423, -6.565378e+09
418, 410, -2.400048e+16
418, 412, 1.333360e+16
418, 416, -8.000160e+15
418, 418, 4.480022e+43
418, 422, 3.200064e+16
418, 424, 1.333360e+16
419, 409, 9.600048e+16
419, 413, 5.333360e+16
419, 415, 3.200016e+16
419, 419, 4.480022e+43
419, 421, -1.280006e+17
419, 425, 5.333360e+16
420, 414, -2.000000e+13
420, 420, 4.480022e+43
420, 426, -2.000000e+13
421, 415, -2.240011e+17
421, 419, -1.280006e+17
421, 421, 4.480022e+43
421, 425, 3.200016e+16
421, 427, -2.240011e+17
421, 431, 9.600048e+16
422, 416, -5.600112e+16
422, 418, 3.200064e+16
422, 422, 4.480022e+43
422, 424, -8.000160e+15
422, 428, -5.600112e+16
422, 430, -2.400048e+16
423, 417, -6.565378e+09
423, 423, 4.480022e+43
423, 429, -6.565378e+09
424, 416, -2.400048e+16
424, 418, 1.333360e+16
424, 422, -8.000160e+15
424, 424, 4.480022e+43
424, 428, 3.200064e+16
424, 430, 1.333360e+16
425, 415, 9.600048e+16
425, 419, 5.333360e+16
425, 421, 3.200016e+16
425, 425, 4.480022e+43
425, 427, -1.280006e+17
425, 431, 5.333360e+16
426, 420, -2.000000e+13
426, 426, 4.480022e+43
426, 432, -2.000000e+13
427, 421, -2.240011e+17
427, 425, -1.280006e+17
427, 427, 4.480022e+43
427, 431, 3.200016e+16
427, 433, -2.240011e+17
427, 437, 9.600048e+16
428, 422, -5.600112e+16
428, 424, 3.200064e+16
428, 428, 4.480022e+43
428, 430, -8.000160e+15
428, 434, -5.600112e+16
428, 436, -2.400048e+16
429, 423, -6.565378e+09
429, 429, 4.480022e+43
429, 435, -6.565378e+09
430, 422, -2.400048e+16
430, 424, 1.333360e+16
430, 428, -8.000160e+15
430, 430, 4.480022e+43
430, 434, 3.200064e+16
430, 436, 1.333360e+16
431, 421, 9.600048e+16
431, 425, 5.333360e+16
431, 427, 3.200016e+16
431, 431, 4.480022e+43
431, 433, -1.280006e+17
431, 437, 5.333360e+16
432, 426, -2.000000e+13
432, 432, 4.480022e+43
432, 438, -2.000000e+13
433, 427, -2.240011e+17
433, 431, -1.280006e+17
433, 433, 4.480022e+43
433, 437, 3.200016e+16
433, 439, -2.240011e+17
433, 443, 9.600048e+16
434, 428, -5.600112e+16
434, 430, 3.200064e+16
434, 434, 4.480022e+43
434, 436, -8.000160e+15
434, 440, -5.600112e+16
434, 442, -2.400048e+16
435, 429, -6.565378e+09
435, 435, 4.480022e+43
435, 441, -6.565378e+09
436, 428, -2.400048e+16
436, 430, 1.333360e+16
436, 434, -8.000160e+15
436, 436, 4.480022e+43
436, 440, 3.200064e+16
436, 442, 1.333360e+16
437, 427, 9.600048e+16
437, 431, 5.333360e+16
437, 433, 3.200016e+16
437, 437, 4.480022e+43
437, 439, -1.280006e+17
437, 443, 5.333360e+16
438, 432, -2.000000e+13
438, 438, 4.480022e+43
438, 444, -2.000000e+13
439, 433, -2.240011e+17
439, 437, -1.280006e+17
439, 439, 4.480022e+43
439, 443, 3.200016e+16
439, 445, -2.240011e+17
439, 449, 9.600048e+16
440, 434, -5.600112e+16
440, 436, 3.200064e+16
440, 440, 4.480022e+43
440, 442, -8.000160e+15
440, 446, -5.600112e+16
440, 448, -2.400048e+16
441, 435, -6.565378e+09
441, 441, 4.480022e+43
441, 447, -6.565378e+09
442, 434, -2.400048e+16
442, 436, 1.333360e+16
442, 440, -8.000160e+15
442, 442, 4.480022e+43
442, 446, 3.200064e+16
442, 448, 1.333360e+16
443, 433, 9.600048e+16
443, 437, 5.333360e+16
443, 439, 3.200016e+16
443, 443, 4.480022e+43
443, 445, -1.280006e+17
443, 449, 5.333360e+16
444, 438, -2.000000e+13
444, 444, 4.480022e+43
444, 450, -2.000000e+13
445, 439, -2.240011e+17
445, 443, -1.280006e+17
445, 445, 4.480022e+43
445, 449, 3.200016e+16
445, 451, -2.240011e+17
445, 455, 9.600048e+16
446, 440, -5.600112e+16
446, 442, 3.200064e+16
446, 446, 4.480022e+43
446, 448, -8.000160e+15
446, 452, -5.600112e+16
446, 454, -2.400048e+16
447, 441, -6.565378e+09
447, 447, 4.480022e+43
447, 453, -6.565378e+09
448, 440, -2.400048e+16
448, 442, 1.333360e+16
448, 446, -8.000160e+15
448, 448, 4.480022e+43
448, 452, 3.200064e+16
448, 454, 1.333360e+16
449, 439, 9.600048e+16
449, 443, 5.333360e+16
449, 445, 3.200016e+16
449, 449, 4.480022e+43
449, 451, -1.280006e+17
449, 455, 5.333360e+16
450, 444, -2.000000e+13
450, 450, 4.480022e+43
450, 456, -2.000000e+13
451, 445, -2.240011e+17
451, 449, -1.280006e+17
451, 451, 4.480022e+43
451, 455, 3.200016e+16
451, 457, -2.240011e+17
451, 461, 9.600048e+16
452, 446, -5.600112e+16
452, 448, 3.200064e+16
452, 452, 4.480022e+43
452, 454, -8.000160e+15
452, 458, -5.600112e+16
452, 460, -2.400048e+16
453, 447, -6.565378e+09
453, 453, 4.480022e+43
453, 459, -6.565378e+09
454, 446, -2.400048e+16
454, 448, 1.333360e+16
454, 452, -8.000160e+15
454, 454, 4.480022e+43
454, 458, 3.200064e+16
454, 460, 1.333360e+16
455, 445, 9.600048e+16
455, 449, 5.333360e+16
455, 451, 3.200016e+16
455, 455, 4.480022e+43
455, 457, -1.280006e+17
455, 461, 5.333360e+16
456, 450, -2.000000e+13
456, 456, 4.480022e+43
456, 462, -2.000000e+13
457, 451, -2.240011e+17
457, 455, -1.280006e+17
457, 457, 4.480022e+43
457, 461, 3.200016e+16
457, 463, -2.240011e+17
457, 467, 9.600048e+16
458, 452, -5.600112e+16
458, 454, 3.200064e+16
458, 458, 4.480022e+43
458, 460, -8.000160e+15
458, 464, -5.600112e+16
458, 466, -2.400048e+16
459, 453, -6.565378e+09
459, 459, 4.480022e+43
459, 465, -6.565378e+09
460, 452, -2.400048e+16
460, 454, 1.333360e+16
460, 458, -8.000160e+15
460, 460, 4.480022e+43
460, 464, 3.200064e+16
460, 466, 1.333360e+16
461, 451, 9.600048e+16
461, 455, 5.333360e+16
461, 457, 3.200016e+16
461, 461, 4.480022e+43
461, 463, -1.280006e+17
461, 467, 5.333360e+16
462, 456, -2.000000e+13
462, 462, 4.480022e+43
462, 468, -2.000000e+13
463, 457, -2.240011e+17
463, 461, -1.280006e+17
463, 463, 4.480022e+43
463, 467, 3.200016e+16
463, 469, -2.240011e+17
463, 473, 9.600048e+16
464, 458, -5.600112e+16
464, 460, 3.200064e+16
464, 464, 4.480022e+43
464, 466, -8.000160e+15
464, 470, -5.600112e+16
464, 472, -2.400048e+16
465, 459, -6.565378e+09
465, 465, 4.480022e+43
465, 471, -6.565378e+09
466, 458, -2.400048e+16
466, 460, 1.333360e+16
466, 464, -8.000160e+15
466, 466, 4.480022e+43
466, 470, 3.200064e+16
466, 472, 1.333360e+16
467, 457, 9.600048e+16
467, 461, 5.333360e+16
467, 463, 3.200016e+16
467, 467, 4.480022e+43
467, 469, -1.280006e+17
467, 473, 5.333360e+16
468, 462, -2.000000e+13
468, 468, 4.480022e+43
468, 474, -2.000000e+13
469, 463, -2.240011e+17
469, 467, -1.280006e+17
469, 469, 4.480022e+43
469, 473, 3.200016e+16
469, 475, -2.240011e+17
469, 479, 9.600048e+16
470, 464, -5.600112e+16
470, 466, 3.200064e+16
470, 470, 4.480022e+43
470, 472, -8.000160e+15
470, 476, -5.600112e+16
470, 478, -2.400048e+16
471, 465, -6.565378e+09
471, 471, 4.480022e+43
471, 477, -6.565378e+09
472, 464, -2.400048e+16
472, 466, 1.333360e+16
472, 470, -8.000160e+15
472, 472, 4.480022e+43
472, 476, 3.200064e+16
472, 478, 1.333360e+16
473, 463, 9.600048e+16
473, 467, 5.333360e+16
473, 469, 3.200016e+16
473, 473, 4.480022e+43
473, 475, -1.280006e+17
473, 479, 5.333360e+16
474, 468, -2.000000e+13
474, 474, 4.480022e+43
474, 480, -2.000000e+13
475, 469, -2.240011e+17
475, 473, -1.280006e+17
475, 475, 4.480022e+43
475, 479, 3.200016e+16
475, 481, -2.240011e+17
475, 485, 9.600048e+16
476, 470, -5.600112e+16
476, 472, 3.200064e+16
476, 476, 4.480022e+43
476, 478, -8.000160e+15
476, 482, -5.600112e+16
476, 484, -2.400048e+16
477, 471, -6.565378e+09
477, 477, 4.480022e+43
477, 483, -6.565378e+09
478, 470, -2.400048e+16
478, 472, 1.333360e+16
478, 476, -8.000160e+15
478, 478, 4.480022e+43
478, 482, 3.200064e+16
478, 484, 1.333360e+16
479, 469, 9.600048e+16
479, 473, 5.333360e+16
479, 475, 3.200016e+16
479, 479, 4.480022e+43
479, 481, -1.280006e+17
479, 485, 5.333360e+16
480, 474, -2.000000e+13
480, 480, 4.480022e+43
480, 486, -2.000000e+13
481, 475, -2.240011e+17
481, 479, -1.280006e+17
481, 481, 4.480022e+43
481, 485, 3.200016e+16
481, 487, -2.240011e+17
481, 491, 9.600048e+16
482, 476, -5.600112e+16
482, 478, 3.200064e+16
482, 482, 4.480022e+43
482, 484, -8.000160e+15
482, 488, -5.600112e+16
482, 490, -2.400048e+16
483, 477, -6.565378e+09
483, 483, 4.480022e+43
483, 489, -6.565378e+09
484, 476, -2.400048e+16
484, 478, 1.333360e+16
484, 482, -8.000160e+15
484, 484, 4.480022e+43
484, 488, 3.200064e+16
484, 490, 1.333360e+16
485, 475, 9.600048e+16
485, 479, 5.333360e+16
485, 481, 3.200016e+16
485, 485, 4.480022e+43
485, 487, -1.280006e+17
485, 491, 5.333360e+16
486, 480, -2.000000e+13
486, 486, 4.480022e+43
486, 492, -2.000000e+13
487, 481, -2.240011e+17
487, 485, -1.280006e+17
487, 487, 4.480022e+43
487, 491, 3.200016e+16
487, 493, -2.240011e+17
487, 497, 9.600048e+16
488, 482, -5.600112e+16
488, 484, 3.200064e+16
488, 488, 4.480022e+43
488, 490, -8.000160e+15
488, 494, -5.600112e+16
488, 496, -2.400048e+16
489, 483, -6.565378e+09
489, 489, 4.480022e+43
489, 495, -6.565378e+09
490, 482, -2.400048e+16
490, 484, 1.333360e+16
490, 488, -8.000160e+15
490, 490, 4.480022e+43
490, 494, 3.200064e+16
490, 496, 1.333360e+16
491, 481, 9.600048e+16
491, 485, 5.333360e+16
491, 487, 3.200016e+16
491, 491, 4.480022e+43
491, 493, -1.280006e+17
491, 497, 5.333360e+16
492, 486, -2.000000e+13
492, 492, 4.480022e+43
492, 498, -2.000000e+13
493, 487, -2.240011e+17
493, 491, -1.280006e+17
493, 493, 4.480022e+43
493, 497, 3.200016e+16
493, 499, -2.240011e+17
493, 503, 9.600048e+16
494, 488, -5.600112e+16
494, 490, 3.200064e+16
494, 494, 4.480022e+43
494, 496, -8.000160e+15
494, 500, -5.600112e+16
494, 502, -2.400048e+16
495, 489, -6.565378e+09
495, 495, 4.480022e+43
495, 501, -6.565378e+09
496, 488, -2.400048e+16
496, 490, 1.333360e+16
496, 494, -8.000160e+15
496, 496, 4.480022e+43
496, 500, 3.200064e+16
496, 502, 1.333360e+16
497, 487, 9.600048e+16
497, 491, 5.333360e+16
497, 493, 3.200016e+16
497, 497, 4.480022e+43
497, 499, -1.280006e+17
497, 503, 5.333360e+16
498, 492, -2.000000e+13
498, 498, 4.480022e+43
498, 504, -2.000000e+13
499, 493, -2.240011e+17
499, 497, -1.280006e+17
499, 499, 4.480022e+43
499, 503, 3.200016e+16
499, 505, -2.240011e+17
499, 509, 9.600048e+16
500, 494, -5.600112e+16
500, 496, 3.200064e+16
500, 500, 4.480022e+43
500, 502, -8.000160e+15
500, 506, -5.600112e+16
500, 508, -2.400048e+16
501, 495, -6.565378e+09
501, 501, 4.480022e+43
501, 507, -6.565378e+09
502, 494, -2.400048e+16
502, 496, 1.333360e+16
502, 500, -8.000160e+15
502, 502, 4.480022e+43
502, 506, 3.200064e+16
502, 508, 1.333360e+16
503, 493, 9.600048e+16
503, 497, 5.333360e+16
503, 499, 3.200016e+16
503, 503, 4.480022e+43
503, 505, -1.280006e+17
503, 509, 5.333360e+16
504, 498, -2.000000e+13
504, 504, 4.480022e+43
504, 510, -2.000000e+13
505, 499, -2.240011e+17
505, 503, -1.280006e+17
505, 505, 4.480022e+43
505, 509, 3.200016e+16
505, 511, -2.240011e+17
505, 515, 9.600048e+16
506, 500, -5.600112e+16
506, 502, 3.200064e+16
506, 506, 4.480022e+43
506, 508, -8.000160e+15
506, 512, -5.600112e+16
506, 514, -2.400048e+16
507, 501, -6.565378e+09
507, 507, 4.480022e+43
507, 513, -6.565378e+09
508, 500, -2.400048e+16
508, 502, 1.333360e+16
508, 506, -8.000160e+15
508, 508, 4.480022e+43
508, 512, 3.200064e+16
508, 514, 1.333360e+16
509, 499, 9.600048e+16
509, 503, 5.333360e+16
509, 505, 3.200016e+16
509, 509, 4.480022e+43
509, 511, -1.280006e+17
509, 515, 5.333360e+16
510, 504, -2.000000e+13
510, 510, 4.480022e+43
510, 516, -2.000000e+13
511, 505, -2.240011e+17
511, 509, -1.280006e+17
511, 511, 4.480022e+43
511, 515, 3.200016e+16
511, 517, -2.240011e+17
511, 521, 9.600048e+16
512, 506, -5.600112e+16
512, 508, 3.200064e+16
512, 512, 4.480022e+43
512, 514, -8.000160e+15
512, 518, -5.600112e+16
512, 520, -2.400048e+16
513, 507, -6.565378e+09
513, 513, 4.480022e+43
513, 519, -6.565378e+09
514, 506, -2.400048e+16
514, 508, 1.333360e+16
514, 512, -8.000160e+15
514, 514, 4.480022e+43
514, 518, 3.200064e+16
514, 520, 1.333360e+16
515, 505, 9.600048e+16
515, 509, 5.333360e+16
515, 511, 3.200016e+16
515, 515, 4.480022e+43
515, 517, -1.280006e+17
515, 521, 5.333360e+16
516, 510, -2.000000e+13
516, 516, 4.480022e+43
516, 522, -2.000000e+13
517, 511, -2.240011e+17
517, 515, -1.280006e+17
517, 517, 4.480022e+43
517, 521, 3.200016e+16
517, 523, -2.240011e+17
517, 527, 9.600048e+16
518, 512, -5.600112e+16
518, 514, 3.200064e+16
518, 518, 4.480022e+43
518, 520, -8.000160e+15
518, 524, -5.600112e+16
518, 526, -2.400048e+16
519, 513, -6.565378e+09
519, 519, 4.480022e+43
519, 525, -6.565378e+09
520, 512, -2.400048e+16
520, 514, 1.333360e+16
520, 518, -8.000160e+15
520, 520, 4.480022e+43
520, 524, 3.200064e+16
520, 526, 1.333360e+16
521, 511, 9.600048e+16
521, 515, 5.333360e+16
521, 517, 3.200016e+16
521, 521, 4.480022e+43
521, 523, -1.280006e+17
521, 527, 5.333360e+16
522, 516, -2.000000e+13
522, 522, 4.480022e+43
522, 528, -2.000000e+13
523, 517, -2.240011e+17
523, 521, -1.280006e+17
523, 523, 4.480022e+43
523, 527, 3.200016e+16
523, 529, -2.240011e+17
523, 533, 9.600048e+16
524, 518, -5.600112e+16
524, 520, 3.200064e+16
524, 524, 4.480022e+43
524, 526, -8.000160e+15
524, 530, -5.600112e+16
524, 532, -2.400048e+16
525, 519, -6.565378e+09
525, 525, 4.480022e+43
525, 531, -6.565378e+09
526, 518, -2.400048e+16
526, 520, 1.333360e+16
526, 524, -8.000160e+15
526, 526, 4.480022e+43
526, 530, 3.200064e+16
526, 532, 1.333360e+16
527, 517, 9.600048e+16
527, 521, 5.333360e+16
527, 523, 3.200016e+16
527, 527, 4.480022e+43
527, 529, -1.280006e+17
527, 533, 5.333360e+16
528, 522, -2.000000e+13
528, 528, 4.480022e+43
528, 534, -2.000000e+13
529, 523, -2.240011e+17
529, 527, -1.280006e+17
529, 529, 4.480022e+43
529, 533, 3.200016e+16
529, 535, -2.240011e+17
529, 539, 9.600048e+16
530, 524, -5.600112e+16
530, 526, 3.200064e+16
530, 530, 4.480022e+43
530, 532, -8.000160e+15
530, 536, -5.600112e+16
530, 538, -2.400048e+16
531, 525, -6.565378e+09
531, 531, 4.480022e+43
531, 537, -6.565378e+09
532, 524, -2.400048e+16
532, 526, 1.333360e+16
532, 530, -8.000160e+15
532, 532, 4.480022e+43
532, 536, 3.200064e+16
532, 538, 1.333360e+16
533, 523, 9.600048e+16
533, 527, 5.333360e+16
533, 529, 3.200016e+16
533, 533, 4.480022e+43
533, 535, -1.280006e+17
533, 539, 5.333360e+16
534, 528, -2.000000e+13
534, 534, 4.480022e+43
534, 540, -2.000000e+13
535, 529, -2.240011e+17
535, 533, -1.280006e+17
535, 535, 4.480022e+43
535, 539, 3.200016e+16
535, 541, -2.240011e+17
535, 545, 9.600048e+16
536, 530, -5.600112e+16
536, 532, 3.200064e+16
536, 536, 4.480022e+43
536, 538, -8.000160e+15
536, 542, -5.600112e+16
536, 544, -2.400048e+16
537, 531, -6.565378e+09
537, 537, 4.480022e+43
537, 543, -6.565378e+09
538, 530, -2.400048e+16
538, 532, 1.333360e+16
538, 536, -8.000160e+15
538, 538, 4.480022e+43
538, 542, 3.200064e+16
538, 544, 1.333360e+16
539, 529, 9.600048e+16
539, 533, 5.333360e+16
539, 535, 3.200016e+16
539, 539, 4.480022e+43
539, 541, -1.280006e+17
539, 545, 5.333360e+16
540, 534, -2.000000e+13
540, 540, 4.480022e+43
540, 546, -2.000000e+13
541, 535, -2.240011e+17
541, 539, -1.280006e+17
541, 541, 4.480022e+43
541, 545, 3.200016e+16
541, 547, -2.240011e+17
541, 551, 9.600048e+16
542, 536, -5.600112e+16
542, 538, 3.200064e+16
542, 542, 4.480022e+43
542, 544, -8.000160e+15
542, 548, -5.600112e+16
542, 550, -2.400048e+16
543, 537, -6.565378e+09
543, 543, 4.480022e+43
543, 549, -6.565378e+09
544, 536, -2.400048e+16
544, 538, 1.333360e+16
544, 542, -8.000160e+15
544, 544, 4.480022e+43
544, 548, 3.200064e+16
544, 550, 1.333360e+16
545, 535, 9.600048e+16
545, 539, 5.333360e+16
545, 541, 3.200016e+16
545, 545, 4.480022e+43
545, 547, -1.280006e+17
545, 551, 5.333360e+16
546, 540, -2.000000e+13
546, 546, 4.480022e+43
546, 552, -2.000000e+13
547, 541, -2.240011e+17
547, 545, -1.280006e+17
547, 547, 4.480022e+43
547, 551, 3.200016e+16
547, 553, -2.240011e+17
547, 557, 9.600048e+16
548, 542, -5.600112e+16
548, 544, 3.200064e+16
548, 548, 4.480022e+43
548, 550, -8.000160e+15
548, 554, -5.600112e+16
548, 556, -2.400048e+16
549, 543, -6.565378e+09
549, 549, 4.480022e+43
549, 555, -6.565378e+09
550, 542, -2.400048e+16
550, 544, 1.333360e+16
550, 548, -8.000160e+15
550, 550, 4.480022e+43
550, 554, 3.200064e+16
550, 556, 1.333360e+16
551, 541, 9.600048e+16
551, 545, 5.333360e+16
551, 547, 3.200016e+16
551, 551, 4.480022e+43
551, 553, -1.280006e+17
551, 557, 5.333360e+16
552, 546, -2.000000e+13
552, 552, 4.480022e+43
552, 558, -2.000000e+13
553, 547, -2.240011e+17
553, 551, -1.280006e+17
553, 553, 4.480022e+43
553, 557, 3.200016e+16
553, 559, -2.240011e+17
553, 563, 9.600048e+16
554, 548, -5.600112e+16
554, 550, 3.200064e+16
554, 554, 4.480022e+43
554, 556, -8.000160e+15
554, 560, -5.600112e+16
554, 562, -2.400048e+16
555, 549, -6.565378e+09
555, 555, 4.480022e+43
555, 561, -6.565378e+09
556, 548, -2.400048e+16
556, 550, 1.333360e+16
556, 554, -8.000160e+15
556, 556, 4.480022e+43
556, 560, 3.200064e+16
556, 562, 1.333360e+16
557, 547, 9.600048e+16
557, 551, 5.333360e+16
557, 553, 3.200016e+16
557, 557, 4.480022e+43
557, 559, -1.280006e+17
557, 563, 5.333360e+16
558, 552, -2.000000e+13
558, 558, 4.480022e+43
558, 564, -2.000000e+13
559, 553, -2.240011e+17
559, 557, -1.280006e+17
559, 559, 4.480022e+43
559, 563, 3.200016e+16
559, 565, -2.240011e+17
559, 569, 9.600048e+16
560, 554, -5.600112e+16
560, 556, 3.200064e+16
560, 560, 4.480022e+43
560, 562, -8.000160e+15
560, 566, -5.600112e+16
560, 568, -2.400048e+16
561, 555, -6.565378e+09
561, 561, 4.480022e+43
561, 567, -6.565378e+09
562, 554, -2.400048e+16
562, 556, 1.333360e+16
562, 560, -8.000160e+15
562, 562, 4.480022e+43
562, 566, 3.200064e+16
562, 568, 1.333360e+16
563, 553, 9.600048e+16
563, 557, 5.333360e+16
563, 559, 3.200016e+16
563, 563, 4.480022e+43
563, 565, -1.280006e+17
563, 569, 5.333360e+16
564, 558, -2.000000e+13
564, 564, 4.480022e+43
564, 570, -2.000000e+13
565, 559, -2.240011e+17
565, 563, -1.280006e+17
565, 565, 4.480022e+43
565, 569, 3.200016e+16
565, 571, -2.240011e+17
565, 575, 9.600048e+16
566, 560, -5.600112e+16
566, 562, 3.200064e+16
566, 566, 4.480022e+43
566, 568, -8.000160e+15
566, 572, -5.600112e+16
566, 574, -2.400048e+16
567, 561, -6.565378e+09
567, 567, 4.480022e+43
567, 573, -6.565378e+09
568, 560, -2.400048e+16
568, 562, 1.333360e+16
568, 566, -8.000160e+15
568, 568, 4.480022e+43
568, 572, 3.200064e+16
568, 574, 1.333360e+16
569, 559, 9.600048e+16
569, 563, 5.333360e+16
569, 565, 3.200016e+16
569, 569, 4.480022e+43
569, 571, -1.280006e+17
569, 575, 5.333360e+16
570, 564, -2.000000e+13
570, 570, 4.480022e+43
570, 576, -2.000000e+13
571, 565, -2.240011e+17
571, 569, -1.280006e+17
571, 571, 4.480022e+43
571, 575, 3.200016e+16
571, 577, -2.240011e+17
571, 581, 9.600048e+16
572, 566, -5.600112e+16
572, 568, 3.200064e+16
572, 572, 4.480022e+43
572, 574, -8.000160e+15
572, 578, -5.600112e+16
572, 580, -2.400048e+16
573, 567, -6.565378e+09
573, 573, 4.480022e+43
573, 579, -6.565378e+09
574, 566, -2.400048e+16
574, 568, 1.333360e+16
574, 572, -8.000160e+15
574, 574, 4.480022e+43
574, 578, 3.200064e+16
574, 580, 1.333360e+16
575, 565, 9.600048e+16
575, 569, 5.333360e+16
575, 571, 3.200016e+16
575, 575, 4.480022e+43
575, 577, -1.280006e+17
575, 581, 5.333360e+16
576, 570, -2.000000e+13
576, 576, 4.480022e+43
576, 582, -2.000000e+13
577, 571, -2.240011e+17
577, 575, -1.280006e+17
577, 577, 4.480022e+43
577, 581, 3.200016e+16
577, 583, -2.240011e+17
577, 587, 9.600048e+16
578, 572, -5.600112e+16
578, 574, 3.200064e+16
578, 578, 4.480022e+43
578, 580, -8.000160e+15
578, 584, -5.600112e+16
578, 586, -2.400048e+16
579, 573, -6.565378e+09
579, 579, 4.480022e+43
579, 585, -6.565378e+09
580, 572, -2.400048e+16
580, 574, 1.333360e+16
580, 578, -8.000160e+15
580, 580, 4.480022e+43
580, 584, 3.200064e+16
580, 586, 1.333360e+16
581, 571, 9.600048e+16
581, 575, 5.333360e+16
581, 577, 3.200016e+16
581, 581, 4.480022e+43
581, 583, -1.280006e+17
581, 587, 5.333360e+16
582, 576, -2.000000e+13
582, 582, 4.480022e+43
582, 588, -2.000000e+13
583, 577, -2.240011e+17
583, 581, -1.280006e+17
583, 583, 4.480022e+43
583, 587, 3.200016e+16
583, 589, -2.240011e+17
583, 593, 9.600048e+16
584, 578, -5.600112e+16
584, 580, 3.200064e+16
584, 584, 4.480022e+43
584, 586, -8.000160e+15
584, 590, -5.600112e+16
584, 592, -2.400048e+16
585, 579, -6.565378e+09
585, 585, 4.480022e+43
585, 591, -6.565378e+09
586, 578, -2.400048e+16
586, 580, 1.333360e+16
586, 584, -8.000160e+15
586, 586, 4.480022e+43
586, 590, 3.200064e+16
586, 592, 1.333360e+16
587, 577, 9.600048e+16
587, 581, 5.333360e+16
587, 583, 3.200016e+16
587, 587, 4.480022e+43
587, 589, -1.280006e+17
587, 593, 5.333360e+16
588, 582, -2.000000e+13
588, 588, 4.480022e+43
588, 594, -2.000000e+13
589, 583, -2.240011e+17
589, 587, -1.280006e+17
589, 589, 4.480022e+43
589, 593, 3.200016e+16
589, 595, -2.240011e+17
589, 599, 9.600048e+16
590, 584, -5.600112e+16
590, 586, 3.200064e+16
590, 590, 4.480022e+43
590, 592, -8.000160e+15
590, 596, -5.600112e+16
590, 598, -2.400048e+16
591, 585, -6.565378e+09
591, 591, 4.480022e+43
591, 597, -6.565378e+09
592, 584, -2.400048e+16
592, 586, 1.333360e+16
592, 590, -8.000160e+15
592, 592, 4.480022e+43
592, 596, 3.200064e+16
592, 598, 1.333360e+16
593, 583, 9.600048e+16
593, 587, 5.333360e+16
593, 589, 3.200016e+16
593, 593, 4.480022e+43
593, 595, -1.280006e+17
593, 599, 5.333360e+16
594, 588, -2.000000e+13
594, 594, 4.480022e+43
595, 589, -2.240011e+17
595, 593, -1.280006e+17
595, 595, 4.480022e+43
595, 599, -9.600048e+16
596, 590, -5.600112e+16
596, 592, 3.200064e+16
596, 596, 4.480022e+43
596, 598, 2.400048e+16
597, 591, -6.565378e+09
597, 597, 4.480022e+43
598, 590, -2.400048e+16
598, 592, 1.333360e+16
598, 596, 2.400048e+16
598, 598, 4.480022e+43
599, 589, 9.600048e+16
599, 593, 5.333360e+16
599, 595, -9.600048e+16
599, 599, 4.480022e+43
