# Static simulation
# Job: job_0006
# Scale: global
# Data key: R_cond
# Timestamp (runner starts): 2025-03-17_10-25-47
# Data:
0.000000e+00
-4.822027e-10
0.000000e+00
0.000000e+00
-4.365575e-11
0.000000e+00
0.000000e+00
4.959020e-10
0.000000e+00
0.000000e+00
-2.182787e-11
0.000000e+00
0.000000e+00
-6.587015e-10
0.000000e+00
0.000000e+00
5.093170e-11
0.000000e+00
0.000000e+00
1.099124e-09
0.000000e+00
0.000000e+00
-2.182787e-11
0.000000e+00
0.000000e+00
-8.312782e-10
0.000000e+00
0.000000e+00
-1.018634e-10
0.000000e+00
0.000000e+00
1.402441e-09
0.000000e+00
0.000000e+00
-4.365575e-11
0.000000e+00
0.000000e+00
-2.843080e-09
0.000000e+00
0.000000e+00
-7.275958e-11
0.000000e+00
0.000000e+00
4.311005e-10
0.000000e+00
0.000000e+00
-7.639755e-11
0.000000e+00
0.000000e+00
1.504304e-09
0.000000e+00
0.000000e+00
1.086846e-10
0.000000e+00
0.000000e+00
-1.764420e-09
0.000000e+00
0.000000e+00
-7.594281e-11
0.000000e+00
