# Static simulation
# Job: job_0006
# Scale: global
# Data key: U_cond
# Timestamp (runner starts): 2025-03-17_10-25-47
# Data:
0.000000e+00
-1.497098e-10
0.000000e+00
0.000000e+00
-2.827773e-09
0.000000e+00
0.000000e+00
-4.685427e-10
0.000000e+00
0.000000e+00
-2.251494e-09
0.000000e+00
0.000000e+00
-7.510093e-10
0.000000e+00
0.000000e+00
-2.331932e-09
0.000000e+00
0.000000e+00
-1.034370e-09
0.000000e+00
0.000000e+00
-2.240010e-09
0.000000e+00
0.000000e+00
-1.305246e-09
0.000000e+00
0.000000e+00
-2.124608e-09
0.000000e+00
0.000000e+00
-1.558277e-09
0.000000e+00
0.000000e+00
-1.938735e-09
0.000000e+00
0.000000e+00
-1.784432e-09
0.000000e+00
0.000000e+00
-1.675721e-09
0.000000e+00
0.000000e+00
-1.973152e-09
0.000000e+00
0.000000e+00
-1.315238e-09
-0.000000e+00
0.000000e+00
-2.112898e-09
0.000000e+00
0.000000e+00
-8.677575e-10
0.000000e+00
0.000000e+00
-2.186160e-09
-0.000000e+00
0.000000e+00
-1.973860e-10
0.000000e+00
