# Static simulation
# Job: job_0009
# Scale: element
# Data key: F_e_mod
# Timestamp (runner starts): 2025-02-24_09-43-11
# Data:

# Element ID: 0
0.000000e+00,0.000000e+00,0.000000e+00,0.000000e+00,0.000000e+00,0.000000e+00,0.000000e+00,-7.249334e-03,0.000000e+00,0.000000e+00,0.000000e+00,0.000000e+00

# Element ID: 1
0.000000e+00,-7.249334e-03,0.000000e+00,0.000000e+00,0.000000e+00,0.000000e+00,0.000000e+00,-5.956661e-03,0.000000e+00,0.000000e+00,0.000000e+00,0.000000e+00

# Element ID: 2
0.000000e+00,-5.956661e-03,0.000000e+00,0.000000e+00,0.000000e+00,0.000000e+00,0.000000e+00,-4.794333e-03,0.000000e+00,0.000000e+00,0.000000e+00,0.000000e+00

# Element ID: 3
0.000000e+00,-4.794333e-03,0.000000e+00,0.000000e+00,0.000000e+00,0.000000e+00,0.000000e+00,-3.750037e-03,0.000000e+00,0.000000e+00,0.000000e+00,0.000000e+00

# Element ID: 4
0.000000e+00,-3.750037e-03,0.000000e+00,0.000000e+00,0.000000e+00,0.000000e+00,0.000000e+00,-2.718732e-03,0.000000e+00,0.000000e+00,0.000000e+00,0.000000e+00

# Element ID: 5
0.000000e+00,-2.718732e-03,0.000000e+00,0.000000e+00,0.000000e+00,0.000000e+00,0.000000e+00,-2.015176e-03,0.000000e+00,0.000000e+00,0.000000e+00,0.000000e+00

# Element ID: 6
0.000000e+00,-2.015176e-03,0.000000e+00,0.000000e+00,0.000000e+00,0.000000e+00,0.000000e+00,-1.317133e-03,0.000000e+00,0.000000e+00,0.000000e+00,0.000000e+00

# Element ID: 7
0.000000e+00,-1.317133e-03,0.000000e+00,0.000000e+00,0.000000e+00,0.000000e+00,0.000000e+00,-7.919778e-04,0.000000e+00,0.000000e+00,0.000000e+00,0.000000e+00

# Element ID: 8
0.000000e+00,-7.919778e-04,0.000000e+00,0.000000e+00,0.000000e+00,0.000000e+00,0.000000e+00,-1.309204e-04,0.000000e+00,0.000000e+00,0.000000e+00,0.000000e+00

# Element ID: 9
0.000000e+00,-1.309204e-04,0.000000e+00,0.000000e+00,0.000000e+00,0.000000e+00,0.000000e+00,1.992563e-04,0.000000e+00,0.000000e+00,0.000000e+00,0.000000e+00

# Element ID: 10
0.000000e+00,1.992563e-04,0.000000e+00,0.000000e+00,0.000000e+00,0.000000e+00,0.000000e+00,4.812540e-04,0.000000e+00,0.000000e+00,0.000000e+00,0.000000e+00

# Element ID: 11
0.000000e+00,4.812540e-04,0.000000e+00,0.000000e+00,0.000000e+00,0.000000e+00,0.000000e+00,8.010385e-04,0.000000e+00,0.000000e+00,0.000000e+00,0.000000e+00

# Element ID: 12
0.000000e+00,8.010385e-04,0.000000e+00,0.000000e+00,0.000000e+00,0.000000e+00,0.000000e+00,1.389479e-03,0.000000e+00,0.000000e+00,0.000000e+00,0.000000e+00

# Element ID: 13
0.000000e+00,1.389479e-03,0.000000e+00,0.000000e+00,0.000000e+00,0.000000e+00,0.000000e+00,1.698482e-03,0.000000e+00,0.000000e+00,0.000000e+00,0.000000e+00

# Element ID: 14
0.000000e+00,1.698482e-03,0.000000e+00,0.000000e+00,0.000000e+00,0.000000e+00,0.000000e+00,1.849768e-03,0.000000e+00,0.000000e+00,0.000000e+00,0.000000e+00

# Element ID: 15
0.000000e+00,1.849768e-03,0.000000e+00,0.000000e+00,0.000000e+00,0.000000e+00,0.000000e+00,2.009246e-03,0.000000e+00,0.000000e+00,0.000000e+00,0.000000e+00

# Element ID: 16
0.000000e+00,2.009246e-03,0.000000e+00,0.000000e+00,0.000000e+00,0.000000e+00,0.000000e+00,2.055324e-03,0.000000e+00,0.000000e+00,0.000000e+00,0.000000e+00

# Element ID: 17
0.000000e+00,2.055324e-03,0.000000e+00,0.000000e+00,0.000000e+00,0.000000e+00,0.000000e+00,1.914634e-03,0.000000e+00,0.000000e+00,0.000000e+00,0.000000e+00

# Element ID: 18
0.000000e+00,1.914634e-03,0.000000e+00,0.000000e+00,0.000000e+00,0.000000e+00,0.000000e+00,2.023855e-03,0.000000e+00,0.000000e+00,0.000000e+00,0.000000e+00

# Element ID: 19
0.000000e+00,2.023855e-03,0.000000e+00,0.000000e+00,0.000000e+00,0.000000e+00,0.000000e+00,2.083596e-03,0.000000e+00,0.000000e+00,0.000000e+00,0.000000e+00

# Element ID: 20
0.000000e+00,2.083596e-03,0.000000e+00,0.000000e+00,0.000000e+00,0.000000e+00,0.000000e+00,2.147688e-03,0.000000e+00,0.000000e+00,0.000000e+00,0.000000e+00

# Element ID: 21
0.000000e+00,2.147688e-03,0.000000e+00,0.000000e+00,0.000000e+00,0.000000e+00,0.000000e+00,2.163596e-03,0.000000e+00,0.000000e+00,0.000000e+00,0.000000e+00

# Element ID: 22
0.000000e+00,2.163596e-03,0.000000e+00,0.000000e+00,0.000000e+00,0.000000e+00,0.000000e+00,2.184235e-03,0.000000e+00,0.000000e+00,0.000000e+00,0.000000e+00

# Element ID: 23
0.000000e+00,2.184235e-03,0.000000e+00,0.000000e+00,0.000000e+00,0.000000e+00,0.000000e+00,2.100965e-03,0.000000e+00,0.000000e+00,0.000000e+00,0.000000e+00

# Element ID: 24
0.000000e+00,2.100965e-03,0.000000e+00,0.000000e+00,0.000000e+00,0.000000e+00,0.000000e+00,2.201592e-03,0.000000e+00,0.000000e+00,0.000000e+00,0.000000e+00

# Element ID: 25
0.000000e+00,2.201592e-03,0.000000e+00,0.000000e+00,0.000000e+00,0.000000e+00,0.000000e+00,2.081153e-03,0.000000e+00,0.000000e+00,0.000000e+00,0.000000e+00

# Element ID: 26
0.000000e+00,2.081153e-03,0.000000e+00,0.000000e+00,0.000000e+00,0.000000e+00,0.000000e+00,2.043486e-03,0.000000e+00,0.000000e+00,0.000000e+00,0.000000e+00

# Element ID: 27
0.000000e+00,2.043486e-03,0.000000e+00,0.000000e+00,0.000000e+00,0.000000e+00,0.000000e+00,2.143595e-03,0.000000e+00,0.000000e+00,0.000000e+00,0.000000e+00

# Element ID: 28
0.000000e+00,2.143595e-03,0.000000e+00,0.000000e+00,0.000000e+00,0.000000e+00,0.000000e+00,1.879524e-03,0.000000e+00,0.000000e+00,0.000000e+00,0.000000e+00

# Element ID: 29
0.000000e+00,1.879524e-03,0.000000e+00,0.000000e+00,0.000000e+00,0.000000e+00,0.000000e+00,1.893431e-03,0.000000e+00,0.000000e+00,0.000000e+00,0.000000e+00

# Element ID: 30
0.000000e+00,1.893431e-03,0.000000e+00,0.000000e+00,0.000000e+00,0.000000e+00,0.000000e+00,2.041064e-03,0.000000e+00,0.000000e+00,0.000000e+00,0.000000e+00

# Element ID: 31
0.000000e+00,2.041064e-03,0.000000e+00,0.000000e+00,0.000000e+00,0.000000e+00,0.000000e+00,1.919315e-03,0.000000e+00,0.000000e+00,0.000000e+00,0.000000e+00

# Element ID: 32
0.000000e+00,1.919315e-03,0.000000e+00,0.000000e+00,0.000000e+00,0.000000e+00,0.000000e+00,1.666522e-03,0.000000e+00,0.000000e+00,0.000000e+00,0.000000e+00

# Element ID: 33
0.000000e+00,1.666522e-03,0.000000e+00,0.000000e+00,0.000000e+00,0.000000e+00,0.000000e+00,1.601574e-03,0.000000e+00,0.000000e+00,0.000000e+00,0.000000e+00

# Element ID: 34
0.000000e+00,1.601574e-03,0.000000e+00,0.000000e+00,0.000000e+00,0.000000e+00,0.000000e+00,1.532721e-03,0.000000e+00,0.000000e+00,0.000000e+00,0.000000e+00

# Element ID: 35
0.000000e+00,1.532721e-03,0.000000e+00,0.000000e+00,0.000000e+00,0.000000e+00,0.000000e+00,1.537977e-03,0.000000e+00,0.000000e+00,0.000000e+00,0.000000e+00

# Element ID: 36
0.000000e+00,1.537977e-03,0.000000e+00,0.000000e+00,0.000000e+00,0.000000e+00,0.000000e+00,1.526621e-03,0.000000e+00,0.000000e+00,0.000000e+00,0.000000e+00

# Element ID: 37
0.000000e+00,1.526621e-03,0.000000e+00,0.000000e+00,0.000000e+00,0.000000e+00,0.000000e+00,1.481674e-03,0.000000e+00,0.000000e+00,0.000000e+00,0.000000e+00

# Element ID: 38
0.000000e+00,1.481674e-03,0.000000e+00,0.000000e+00,0.000000e+00,0.000000e+00,0.000000e+00,1.411553e-03,0.000000e+00,0.000000e+00,0.000000e+00,0.000000e+00

# Element ID: 39
0.000000e+00,1.411553e-03,0.000000e+00,0.000000e+00,0.000000e+00,0.000000e+00,0.000000e+00,1.318801e-03,0.000000e+00,0.000000e+00,0.000000e+00,0.000000e+00

# Element ID: 40
0.000000e+00,1.318801e-03,0.000000e+00,0.000000e+00,0.000000e+00,0.000000e+00,0.000000e+00,1.198831e-03,0.000000e+00,0.000000e+00,0.000000e+00,0.000000e+00

# Element ID: 41
0.000000e+00,1.198831e-03,0.000000e+00,0.000000e+00,0.000000e+00,0.000000e+00,0.000000e+00,1.142649e-03,0.000000e+00,0.000000e+00,0.000000e+00,0.000000e+00

# Element ID: 42
0.000000e+00,1.142649e-03,0.000000e+00,0.000000e+00,0.000000e+00,0.000000e+00,0.000000e+00,1.116010e-03,0.000000e+00,0.000000e+00,0.000000e+00,0.000000e+00

# Element ID: 43
0.000000e+00,1.116010e-03,0.000000e+00,0.000000e+00,0.000000e+00,0.000000e+00,0.000000e+00,1.195307e-03,0.000000e+00,0.000000e+00,0.000000e+00,0.000000e+00

# Element ID: 44
0.000000e+00,1.195307e-03,0.000000e+00,0.000000e+00,0.000000e+00,0.000000e+00,0.000000e+00,1.235855e-03,0.000000e+00,0.000000e+00,0.000000e+00,0.000000e+00

# Element ID: 45
0.000000e+00,1.235855e-03,0.000000e+00,0.000000e+00,0.000000e+00,0.000000e+00,0.000000e+00,1.138222e-03,0.000000e+00,0.000000e+00,0.000000e+00,0.000000e+00

# Element ID: 46
0.000000e+00,1.138222e-03,0.000000e+00,0.000000e+00,0.000000e+00,0.000000e+00,0.000000e+00,9.191003e-04,0.000000e+00,0.000000e+00,0.000000e+00,0.000000e+00

# Element ID: 47
0.000000e+00,9.191003e-04,0.000000e+00,0.000000e+00,0.000000e+00,0.000000e+00,0.000000e+00,9.056203e-04,0.000000e+00,0.000000e+00,0.000000e+00,0.000000e+00

# Element ID: 48
0.000000e+00,9.056203e-04,0.000000e+00,0.000000e+00,0.000000e+00,0.000000e+00,0.000000e+00,1.015160e-03,0.000000e+00,0.000000e+00,0.000000e+00,0.000000e+00

# Element ID: 49
0.000000e+00,1.015160e-03,0.000000e+00,0.000000e+00,0.000000e+00,0.000000e+00,0.000000e+00,9.217512e-04,0.000000e+00,0.000000e+00,0.000000e+00,0.000000e+00

# Element ID: 50
0.000000e+00,9.217512e-04,0.000000e+00,0.000000e+00,0.000000e+00,0.000000e+00,0.000000e+00,7.419565e-04,0.000000e+00,0.000000e+00,0.000000e+00,0.000000e+00

# Element ID: 51
0.000000e+00,7.419565e-04,0.000000e+00,0.000000e+00,0.000000e+00,0.000000e+00,0.000000e+00,8.698220e-04,0.000000e+00,0.000000e+00,0.000000e+00,0.000000e+00

# Element ID: 52
0.000000e+00,8.698220e-04,0.000000e+00,0.000000e+00,0.000000e+00,0.000000e+00,0.000000e+00,7.984304e-04,0.000000e+00,0.000000e+00,0.000000e+00,0.000000e+00

# Element ID: 53
0.000000e+00,7.984304e-04,0.000000e+00,0.000000e+00,0.000000e+00,0.000000e+00,0.000000e+00,6.541819e-04,0.000000e+00,0.000000e+00,0.000000e+00,0.000000e+00

# Element ID: 54
0.000000e+00,6.541819e-04,0.000000e+00,0.000000e+00,0.000000e+00,0.000000e+00,0.000000e+00,7.486606e-04,0.000000e+00,0.000000e+00,0.000000e+00,0.000000e+00

# Element ID: 55
0.000000e+00,7.486606e-04,0.000000e+00,0.000000e+00,0.000000e+00,0.000000e+00,0.000000e+00,5.899157e-04,0.000000e+00,0.000000e+00,0.000000e+00,0.000000e+00

# Element ID: 56
0.000000e+00,5.899157e-04,0.000000e+00,0.000000e+00,0.000000e+00,0.000000e+00,0.000000e+00,6.669049e-04,0.000000e+00,0.000000e+00,0.000000e+00,0.000000e+00

# Element ID: 57
0.000000e+00,6.669049e-04,0.000000e+00,0.000000e+00,0.000000e+00,0.000000e+00,0.000000e+00,6.008325e-04,0.000000e+00,0.000000e+00,0.000000e+00,0.000000e+00

# Element ID: 58
0.000000e+00,6.008325e-04,0.000000e+00,0.000000e+00,0.000000e+00,0.000000e+00,0.000000e+00,5.872445e-04,0.000000e+00,0.000000e+00,0.000000e+00,0.000000e+00

# Element ID: 59
0.000000e+00,5.872445e-04,0.000000e+00,0.000000e+00,0.000000e+00,0.000000e+00,0.000000e+00,5.666404e-04,0.000000e+00,0.000000e+00,0.000000e+00,0.000000e+00

# Element ID: 60
0.000000e+00,5.666404e-04,0.000000e+00,0.000000e+00,0.000000e+00,0.000000e+00,0.000000e+00,5.220968e-04,0.000000e+00,0.000000e+00,0.000000e+00,0.000000e+00

# Element ID: 61
0.000000e+00,5.220968e-04,0.000000e+00,0.000000e+00,0.000000e+00,0.000000e+00,0.000000e+00,5.084678e-04,0.000000e+00,0.000000e+00,0.000000e+00,0.000000e+00

# Element ID: 62
0.000000e+00,5.084678e-04,0.000000e+00,0.000000e+00,0.000000e+00,0.000000e+00,0.000000e+00,4.786169e-04,0.000000e+00,0.000000e+00,0.000000e+00,0.000000e+00

# Element ID: 63
0.000000e+00,4.786169e-04,0.000000e+00,0.000000e+00,0.000000e+00,0.000000e+00,0.000000e+00,4.442021e-04,0.000000e+00,0.000000e+00,0.000000e+00,0.000000e+00

# Element ID: 64
0.000000e+00,4.442021e-04,0.000000e+00,0.000000e+00,0.000000e+00,0.000000e+00,0.000000e+00,4.323917e-04,0.000000e+00,0.000000e+00,0.000000e+00,0.000000e+00

# Element ID: 65
0.000000e+00,4.323917e-04,0.000000e+00,0.000000e+00,0.000000e+00,0.000000e+00,0.000000e+00,3.515278e-04,0.000000e+00,0.000000e+00,0.000000e+00,0.000000e+00

# Element ID: 66
0.000000e+00,3.515278e-04,0.000000e+00,0.000000e+00,0.000000e+00,0.000000e+00,0.000000e+00,3.885680e-04,0.000000e+00,0.000000e+00,0.000000e+00,0.000000e+00

# Element ID: 67
0.000000e+00,3.885680e-04,0.000000e+00,0.000000e+00,0.000000e+00,0.000000e+00,0.000000e+00,3.168863e-04,0.000000e+00,0.000000e+00,0.000000e+00,0.000000e+00

# Element ID: 68
0.000000e+00,3.168863e-04,0.000000e+00,0.000000e+00,0.000000e+00,0.000000e+00,0.000000e+00,3.463817e-04,0.000000e+00,0.000000e+00,0.000000e+00,0.000000e+00

# Element ID: 69
0.000000e+00,3.463817e-04,0.000000e+00,0.000000e+00,0.000000e+00,0.000000e+00,0.000000e+00,3.272168e-04,0.000000e+00,0.000000e+00,0.000000e+00,0.000000e+00

# Element ID: 70
0.000000e+00,3.272168e-04,0.000000e+00,0.000000e+00,0.000000e+00,0.000000e+00,0.000000e+00,2.644634e-04,0.000000e+00,0.000000e+00,0.000000e+00,0.000000e+00

# Element ID: 71
0.000000e+00,2.644634e-04,0.000000e+00,0.000000e+00,0.000000e+00,0.000000e+00,0.000000e+00,2.932243e-04,0.000000e+00,0.000000e+00,0.000000e+00,0.000000e+00

# Element ID: 72
0.000000e+00,2.932243e-04,0.000000e+00,0.000000e+00,0.000000e+00,0.000000e+00,0.000000e+00,2.741911e-04,0.000000e+00,0.000000e+00,0.000000e+00,0.000000e+00

# Element ID: 73
0.000000e+00,2.741911e-04,0.000000e+00,0.000000e+00,0.000000e+00,0.000000e+00,0.000000e+00,2.431849e-04,0.000000e+00,0.000000e+00,0.000000e+00,0.000000e+00

# Element ID: 74
0.000000e+00,2.431849e-04,0.000000e+00,0.000000e+00,0.000000e+00,0.000000e+00,0.000000e+00,2.470532e-04,0.000000e+00,0.000000e+00,0.000000e+00,0.000000e+00

# Element ID: 75
0.000000e+00,2.470532e-04,0.000000e+00,0.000000e+00,0.000000e+00,0.000000e+00,0.000000e+00,2.316283e-04,0.000000e+00,0.000000e+00,0.000000e+00,0.000000e+00

# Element ID: 76
0.000000e+00,2.316283e-04,0.000000e+00,0.000000e+00,0.000000e+00,0.000000e+00,0.000000e+00,1.966516e-04,0.000000e+00,0.000000e+00,0.000000e+00,0.000000e+00

# Element ID: 77
0.000000e+00,1.966516e-04,0.000000e+00,0.000000e+00,0.000000e+00,0.000000e+00,0.000000e+00,2.085164e-04,0.000000e+00,0.000000e+00,0.000000e+00,0.000000e+00

# Element ID: 78
0.000000e+00,2.085164e-04,0.000000e+00,0.000000e+00,0.000000e+00,0.000000e+00,0.000000e+00,1.959015e-04,0.000000e+00,0.000000e+00,0.000000e+00,0.000000e+00

# Element ID: 79
0.000000e+00,1.959015e-04,0.000000e+00,0.000000e+00,0.000000e+00,0.000000e+00,0.000000e+00,1.553345e-04,0.000000e+00,0.000000e+00,0.000000e+00,0.000000e+00

# Element ID: 80
0.000000e+00,1.553345e-04,0.000000e+00,0.000000e+00,0.000000e+00,0.000000e+00,0.000000e+00,1.750914e-04,0.000000e+00,0.000000e+00,0.000000e+00,0.000000e+00

# Element ID: 81
0.000000e+00,1.750914e-04,0.000000e+00,0.000000e+00,0.000000e+00,0.000000e+00,0.000000e+00,1.656443e-04,0.000000e+00,0.000000e+00,0.000000e+00,0.000000e+00

# Element ID: 82
0.000000e+00,1.656443e-04,0.000000e+00,0.000000e+00,0.000000e+00,0.000000e+00,0.000000e+00,1.552253e-04,0.000000e+00,0.000000e+00,0.000000e+00,0.000000e+00

# Element ID: 83
0.000000e+00,1.552253e-04,0.000000e+00,0.000000e+00,0.000000e+00,0.000000e+00,0.000000e+00,1.219633e-04,0.000000e+00,0.000000e+00,0.000000e+00,0.000000e+00

# Element ID: 84
0.000000e+00,1.219633e-04,0.000000e+00,0.000000e+00,0.000000e+00,0.000000e+00,0.000000e+00,1.391112e-04,0.000000e+00,0.000000e+00,0.000000e+00,0.000000e+00

# Element ID: 85
0.000000e+00,1.391112e-04,0.000000e+00,0.000000e+00,0.000000e+00,0.000000e+00,0.000000e+00,1.308315e-04,0.000000e+00,0.000000e+00,0.000000e+00,0.000000e+00

# Element ID: 86
0.000000e+00,1.308315e-04,0.000000e+00,0.000000e+00,0.000000e+00,0.000000e+00,0.000000e+00,1.235847e-04,0.000000e+00,0.000000e+00,0.000000e+00,0.000000e+00

# Element ID: 87
0.000000e+00,1.235847e-04,0.000000e+00,0.000000e+00,0.000000e+00,0.000000e+00,0.000000e+00,1.026958e-04,0.000000e+00,0.000000e+00,0.000000e+00,0.000000e+00

# Element ID: 88
0.000000e+00,1.026958e-04,0.000000e+00,0.000000e+00,0.000000e+00,0.000000e+00,0.000000e+00,1.098763e-04,0.000000e+00,0.000000e+00,0.000000e+00,0.000000e+00

# Element ID: 89
0.000000e+00,1.098763e-04,0.000000e+00,0.000000e+00,0.000000e+00,0.000000e+00,0.000000e+00,1.039462e-04,0.000000e+00,0.000000e+00,0.000000e+00,0.000000e+00

# Element ID: 90
0.000000e+00,1.039462e-04,0.000000e+00,0.000000e+00,0.000000e+00,0.000000e+00,0.000000e+00,9.765533e-05,0.000000e+00,0.000000e+00,0.000000e+00,0.000000e+00

# Element ID: 91
0.000000e+00,9.765533e-05,0.000000e+00,0.000000e+00,0.000000e+00,0.000000e+00,0.000000e+00,9.203487e-05,0.000000e+00,0.000000e+00,0.000000e+00,0.000000e+00

# Element ID: 92
0.000000e+00,9.203487e-05,0.000000e+00,0.000000e+00,0.000000e+00,0.000000e+00,0.000000e+00,7.490409e-05,0.000000e+00,0.000000e+00,0.000000e+00,0.000000e+00

# Element ID: 93
0.000000e+00,7.490409e-05,0.000000e+00,0.000000e+00,0.000000e+00,0.000000e+00,0.000000e+00,8.199596e-05,0.000000e+00,0.000000e+00,0.000000e+00,0.000000e+00

# Element ID: 94
0.000000e+00,8.199596e-05,0.000000e+00,0.000000e+00,0.000000e+00,0.000000e+00,0.000000e+00,7.776379e-05,0.000000e+00,0.000000e+00,0.000000e+00,0.000000e+00

# Element ID: 95
0.000000e+00,7.776379e-05,0.000000e+00,0.000000e+00,0.000000e+00,0.000000e+00,0.000000e+00,7.284483e-05,0.000000e+00,0.000000e+00,0.000000e+00,0.000000e+00

# Element ID: 96
0.000000e+00,7.284483e-05,0.000000e+00,0.000000e+00,0.000000e+00,0.000000e+00,0.000000e+00,6.849219e-05,0.000000e+00,0.000000e+00,0.000000e+00,0.000000e+00

# Element ID: 97
0.000000e+00,6.849219e-05,0.000000e+00,0.000000e+00,0.000000e+00,0.000000e+00,0.000000e+00,6.481866e-05,0.000000e+00,0.000000e+00,0.000000e+00,0.000000e+00

# Element ID: 98
0.000000e+00,6.481866e-05,0.000000e+00,0.000000e+00,0.000000e+00,0.000000e+00,0.000000e+00,1.034169e-03,0.000000e+00,0.000000e+00,0.000000e+00,0.000000e+00
