# Static simulation
# Job: job_0002
# Scale: global
# Data key: U_global
# Timestamp (runner starts): 2025-03-17_10-25-44
# Data:
0.000000e+00
0.000000e+00
0.000000e+00
0.000000e+00
0.000000e+00
0.000000e+00
0.000000e+00
-2.249868e-10
0.000000e+00
0.000000e+00
-4.250443e-09
0.000000e+00
0.000000e+00
-7.023847e-10
0.000000e+00
0.000000e+00
-3.346798e-09
0.000000e+00
0.000000e+00
-1.138642e-09
0.000000e+00
0.000000e+00
-3.795311e-09
0.000000e+00
0.000000e+00
-1.536420e-09
0.000000e+00
0.000000e+00
-2.366686e-09
0.000000e+00
0.000000e+00
-2.175427e-09
0.000000e+00
0.000000e+00
-9.347022e-09
0.000000e+00
0.000000e+00
-3.095530e-09
0.000000e+00
0.000000e+00
-4.418021e-09
0.000000e+00
0.000000e+00
-3.360611e-09
0.000000e+00
0.000000e+00
8.836041e-10
0.000000e+00
0.000000e+00
-3.307595e-09
0.000000e+00
0.000000e+00
-1.767208e-10
-0.000000e+00
0.000000e+00
-3.318198e-09
0.000000e+00
0.000000e+00
3.534417e-11
0.000000e+00
0.000000e+00
-3.316078e-09
-0.000000e+00
0.000000e+00
-7.068833e-12
0.000000e+00
