# Static simulation
# Job: job_0002
# Scale: element
# Data key: K_e
# Timestamp (runner starts): 2025-05-05_18-10-06
# Data:

# Element ID: 0
0, 0, inf
0, 1, inf
0, 2, inf
0, 3, -6.898397e+225
0, 4, 4.463116e+261
0, 5, -6.119826e+232
0, 6, 3.769475e+237
0, 7, -5.980115e+238
0, 8, inf
0, 9, 1.703790e+230
0, 10, 3.430893e+261
0, 11, -5.047742e+267
1, 0, inf
1, 1, inf
1, 2, -6.471263e+286
1, 3, -5.554454e+252
1, 4, -2.146199e+286
1, 5, 1.649650e+287
1, 6, -2.577617e+286
1, 7, 2.684552e+76
1, 8, inf
1, 9, inf
1, 10, 2.157088e+285
1, 11, 2.919798e+266
2, 0, inf
2, 1, -6.471263e+286
2, 2, inf
2, 3, inf
2, 4, inf
2, 5, inf
2, 6, inf
2, 7, inf
2, 8, inf
2, 9, inf
2, 10, inf
2, 11, inf
3, 0, -6.898397e+225
3, 1, -5.554454e+252
3, 2, inf
3, 3, inf
3, 4, inf
3, 5, inf
3, 6, inf
3, 7, inf
3, 8, inf
3, 9, 2.712149e+231
3, 10, inf
3, 11, inf
4, 0, 4.463116e+261
4, 1, -2.146199e+286
4, 2, inf
4, 3, inf
4, 4, inf
4, 5, inf
4, 6, inf
4, 7, 2.577617e+286
4, 8, inf
4, 9, -2.642064e+230
4, 10, inf
4, 11, -1.120283e+285
5, 0, -6.119826e+232
5, 1, 1.649650e+287
5, 2, inf
5, 3, inf
5, 4, inf
5, 5, inf
5, 6, -1.457334e+285
5, 7, inf
5, 8, inf
5, 9, 3.479700e+232
5, 10, inf
5, 11, inf
6, 0, 3.769475e+237
6, 1, -2.577617e+286
6, 2, inf
6, 3, inf
6, 4, inf
6, 5, -1.457334e+285
6, 6, inf
6, 7, 2.577617e+286
6, 8, inf
6, 9, 3.362315e+229
6, 10, inf
6, 11, -1.120283e+285
7, 0, -5.980115e+238
7, 1, 2.684552e+76
7, 2, inf
7, 3, inf
7, 4, 2.577617e+286
7, 5, inf
7, 6, 2.577617e+286
7, 7, inf
7, 8, inf
7, 9, 2.359500e+85
7, 10, inf
7, 11, inf
8, 0, inf
8, 1, inf
8, 2, inf
8, 3, inf
8, 4, inf
8, 5, inf
8, 6, inf
8, 7, inf
8, 8, inf
8, 9, inf
8, 10, inf
8, 11, inf
9, 0, 1.703790e+230
9, 1, inf
9, 2, inf
9, 3, 2.712149e+231
9, 4, -2.642064e+230
9, 5, 3.479700e+232
9, 6, 3.362315e+229
9, 7, 2.359500e+85
9, 8, inf
9, 9, inf
9, 10, 9.205243e+231
9, 11, inf
10, 0, 3.430893e+261
10, 1, 2.157088e+285
10, 2, inf
10, 3, inf
10, 4, inf
10, 5, inf
10, 6, inf
10, 7, inf
10, 8, inf
10, 9, 9.205243e+231
10, 10, inf
10, 11, inf
11, 0, -5.047742e+267
11, 1, 2.919798e+266
11, 2, inf
11, 3, inf
11, 4, -1.120283e+285
11, 5, inf
11, 6, -1.120283e+285
11, 7, inf
11, 8, inf
11, 9, inf
11, 10, inf
11, 11, inf

# Element ID: 1
0, 0, inf
0, 1, 1.273433e+228
0, 2, inf
0, 3, -3.361254e+229
0, 4, inf
0, 5, 2.268137e+226
0, 6, 1.676929e+227
0, 7, -1.154124e+228
0, 8, -7.741634e+262
0, 9, 2.041422e+230
0, 10, 5.357102e+228
0, 11, 1.688217e+265
1, 0, 1.273433e+228
1, 1, inf
1, 2, 2.571454e+230
1, 3, 9.683879e+17
1, 4, 1.347947e+170
1, 5, 2.945236e+173
1, 6, 2.454363e+171
1, 7, 2.875422e+265
1, 8, inf
1, 9, 3.528130e+231
1, 10, 2.128075e+265
1, 11, 2.919798e+266
2, 0, inf
2, 1, 2.571454e+230
2, 2, inf
2, 3, 1.479976e+228
2, 4, 3.857181e+231
2, 5, 9.832701e+231
2, 6, 4.273487e+230
2, 7, 5.085820e+266
2, 8, 7.741634e+262
2, 9, -6.237065e+232
2, 10, inf
2, 11, -5.164309e+267
3, 0, -3.361254e+229
3, 1, 9.683879e+17
3, 2, 1.479976e+228
3, 3, inf
3, 4, inf
3, 5, 1.028543e+232
3, 6, 3.362315e+229
3, 7, -1.662559e+264
3, 8, 3.362315e+229
3, 9, 2.712149e+231
3, 10, -2.660094e+264
3, 11, inf
4, 0, inf
4, 1, 1.347947e+170
4, 2, 3.857181e+231
4, 3, inf
4, 4, inf
4, 5, 1.201279e+174
4, 6, 3.943344e+171
4, 7, 5.085820e+266
4, 8, 3.463213e+216
4, 9, 3.528130e+231
4, 10, 3.192113e+266
4, 11, inf
5, 0, 2.268137e+226
5, 1, 2.945236e+173
5, 2, 9.832701e+231
5, 3, 1.028543e+232
5, 4, 1.201279e+174
5, 5, 9.954007e+15
5, 6, 4.063598e+13
5, 7, 1.995070e+266
5, 8, 9.289961e+264
5, 9, 2.447943e+232
5, 10, 8.137312e+266
5, 11, 2.025860e+267
6, 0, 1.676929e+227
6, 1, 2.454363e+171
6, 2, 4.273487e+230
6, 3, 3.362315e+229
6, 4, 3.943344e+171
6, 5, 4.063598e+13
6, 6, 2.338251e+11
6, 7, 6.650235e+264
6, 8, 7.741634e+262
6, 9, 7.672376e+11
6, 10, 3.536637e+265
6, 11, 6.119826e+232
7, 0, -1.154124e+228
7, 1, 2.875422e+265
7, 2, 5.085820e+266
7, 3, -1.662559e+264
7, 4, 5.085820e+266
7, 5, 1.995070e+266
7, 6, 6.650235e+264
7, 7, inf
7, 8, inf
7, 9, 1.662559e+264
7, 10, 5.280786e+14
7, 11, 4.895861e+233
8, 0, -7.741634e+262
8, 1, inf
8, 2, 7.741634e+262
8, 3, 3.362315e+229
8, 4, 3.463213e+216
8, 5, 9.289961e+264
8, 6, 7.741634e+262
8, 7, inf
8, 8, inf
8, 9, 6.240279e+232
8, 10, 9.289961e+264
8, 11, 5.164309e+267
9, 0, 2.041422e+230
9, 1, 3.528130e+231
9, 2, -6.237065e+232
9, 3, 2.712149e+231
9, 4, 3.528130e+231
9, 5, 2.447943e+232
9, 6, 7.672376e+11
9, 7, 1.662559e+264
9, 8, 6.240279e+232
9, 9, inf
9, 10, 2.660094e+264
9, 11, inf
10, 0, 5.357102e+228
10, 1, 2.128075e+265
10, 2, inf
10, 3, -2.660094e+264
10, 4, 3.192113e+266
10, 5, 8.137312e+266
10, 6, 3.536637e+265
10, 7, 5.280786e+14
10, 8, 9.289961e+264
10, 9, 2.660094e+264
10, 10, inf
10, 11, 2.244511e+266
11, 0, 1.688217e+265
11, 1, 2.919798e+266
11, 2, -5.164309e+267
11, 3, inf
11, 4, inf
11, 5, 2.025860e+267
11, 6, 6.119826e+232
11, 7, 4.895861e+233
11, 8, 5.164309e+267
11, 9, inf
11, 10, 2.244511e+266
11, 11, inf

# Element ID: 2
0, 0, inf
0, 1, -3.898025e+229
0, 2, 7.004964e+226
0, 3, 1.751241e+226
0, 4, inf
0, 5, -3.028799e+227
0, 6, 1.688217e+265
0, 7, 2.701147e+265
0, 8, 4.327058e+230
0, 9, 1.400993e+227
0, 10, 5.357102e+228
0, 11, -6.099450e+232
1, 0, -3.898025e+229
1, 1, inf
1, 2, 3.362315e+229
1, 3, 7.378096e+10
1, 4, -6.256772e+170
1, 5, 1.028543e+232
1, 6, 2.919798e+266
1, 7, 2.448459e+266
1, 8, 2.907686e+230
1, 9, 1.344926e+230
1, 10, 1.028543e+232
1, 11, 1.381356e+232
2, 0, 7.004964e+226
2, 1, 3.362315e+229
2, 2, 2.644802e+13
2, 3, -7.805810e+09
2, 4, 2.101447e+229
2, 5, 2.671396e+13
2, 6, 1.112589e+267
2, 7, -2.732794e+267
2, 8, 3.857181e+231
2, 9, -1.434252e+13
2, 10, 1.805982e+193
2, 11, 7.464220e+232
3, 0, 1.751241e+226
3, 1, 7.378096e+10
3, 2, -7.805810e+09
3, 3, 9.890512e+12
3, 4, 2.793907e+230
3, 5, 8.957322e+13
3, 6, 2.244511e+266
3, 7, 1.063833e+266
3, 8, -3.214318e+229
3, 9, 1.077548e+13
3, 10, -5.903769e+190
3, 11, 2.712149e+231
4, 0, inf
4, 1, -6.256772e+170
4, 2, 2.101447e+229
4, 3, 2.793907e+230
4, 4, inf
4, 5, 2.521736e+231
4, 6, -2.186511e+265
4, 7, 7.246737e+266
4, 8, 3.878196e+231
4, 9, 2.793907e+230
4, 10, 2.521736e+231
4, 11, 2.257530e+231
5, 0, -3.028799e+227
5, 1, 1.028543e+232
5, 2, 2.671396e+13
5, 3, 8.957322e+13
5, 4, 2.521736e+231
5, 5, 9.954269e+15
5, 6, 2.025860e+267
5, 7, 8.462401e+267
5, 8, 9.832701e+231
5, 9, 3.190915e+14
5, 10, 7.084523e+192
5, 11, 7.368270e+234
6, 0, 1.688217e+265
6, 1, 2.919798e+266
6, 2, 1.112589e+267
6, 3, 2.244511e+266
6, 4, -2.186511e+265
6, 5, 2.025860e+267
6, 6, inf
6, 7, 6.650235e+264
6, 8, -1.112589e+267
6, 9, 2.025860e+267
6, 10, -8.939377e+265
6, 11, inf
7, 0, 2.701147e+265
7, 1, 2.448459e+266
7, 2, -2.732794e+267
7, 3, 1.063833e+266
7, 4, 7.246737e+266
7, 5, 8.462401e+267
7, 6, 6.650235e+264
7, 7, inf
7, 8, inf
7, 9, 8.264556e+267
7, 10, 1.080459e+266
7, 11, inf
8, 0, 4.327058e+230
8, 1, 2.907686e+230
8, 2, 3.857181e+231
8, 3, -3.214318e+229
8, 4, 3.878196e+231
8, 5, 9.832701e+231
8, 6, -1.112589e+267
8, 7, inf
8, 8, inf
8, 9, 3.214318e+229
8, 10, 1.805982e+193
8, 11, 4.775432e+232
9, 0, 1.400993e+227
9, 1, 1.344926e+230
9, 2, -1.434252e+13
9, 3, 1.077548e+13
9, 4, 2.793907e+230
9, 5, 3.190915e+14
9, 6, 2.025860e+267
9, 7, 8.264556e+267
9, 8, 3.214318e+229
9, 9, 5.415046e+13
9, 10, 5.903769e+190
9, 11, 8.381201e+233
10, 0, 5.357102e+228
10, 1, 1.028543e+232
10, 2, 1.805982e+193
10, 3, -5.903769e+190
10, 4, 2.521736e+231
10, 5, 7.084523e+192
10, 6, -8.939377e+265
10, 7, 1.080459e+266
10, 8, 1.805982e+193
10, 9, 5.903769e+190
10, 10, inf
10, 11, 7.342711e+234
11, 0, -6.099450e+232
11, 1, 1.381356e+232
11, 2, 7.464220e+232
11, 3, 2.712149e+231
11, 4, 2.257530e+231
11, 5, 7.368270e+234
11, 6, inf
11, 7, inf
11, 8, 4.775432e+232
11, 9, 8.381201e+233
11, 10, 7.342711e+234
11, 11, inf

# Element ID: 3
0, 0, 2.202425e+11
0, 1, -8.301941e+11
0, 2, -1.749820e+11
0, 3, -1.826050e+12
0, 4, -2.064194e+229
0, 5, -4.026110e+13
0, 6, 1.688217e+265
0, 7, 8.035794e+229
0, 8, 1.460158e+11
0, 9, -1.678664e+12
0, 10, 4.273487e+230
0, 11, 2.039952e+230
1, 0, -8.301941e+11
1, 1, 1.556271e+13
1, 2, -2.561454e+11
1, 3, 9.893852e+12
1, 4, -3.362383e+228
1, 5, 9.059530e+13
1, 6, 2.919798e+266
1, 7, 3.474509e+230
1, 8, -2.452952e+12
1, 9, 1.107209e+13
1, 10, 2.571454e+230
1, 11, 3.528130e+231
2, 0, -1.749820e+11
2, 1, -2.561454e+11
2, 2, 2.644802e+13
2, 3, 1.086370e+12
2, 4, 2.138700e+229
2, 5, 2.671396e+13
2, 6, -5.164309e+267
2, 7, 6.145438e+231
2, 8, -1.813530e+13
2, 9, -1.434252e+13
2, 10, 3.857181e+231
2, 11, -6.240279e+232
3, 0, -1.826050e+12
3, 1, 9.893852e+12
3, 2, 1.086370e+12
3, 3, 2.113281e+13
3, 4, 2.794188e+230
3, 5, 2.869732e+14
3, 6, 2.244511e+266
3, 7, -2.008949e+229
3, 8, 2.588472e+12
3, 9, 2.201777e+13
3, 10, -3.214318e+229
3, 11, 2.712149e+231
4, 0, -2.064194e+229
4, 1, -3.362383e+228
4, 2, 2.138700e+229
4, 3, 2.794188e+230
4, 4, inf
4, 5, 2.521512e+231
4, 6, 2.919798e+266
4, 7, 6.316916e+231
4, 8, 2.437685e+229
4, 9, 2.798754e+230
4, 10, 6.382280e+231
4, 11, 6.049754e+231
5, 0, -4.026110e+13
5, 1, 9.059530e+13
5, 2, 2.671396e+13
5, 3, 2.869732e+14
5, 4, 2.521512e+231
5, 5, 9.954269e+15
5, 6, 2.025860e+267
5, 7, 2.410738e+231
5, 8, 5.884703e+13
5, 9, 3.190915e+14
5, 10, 9.832701e+231
5, 11, 2.447943e+232
6, 0, 1.688217e+265
6, 1, 2.919798e+266
6, 2, -5.164309e+267
6, 3, 2.244511e+266
6, 4, 2.919798e+266
6, 5, 2.025860e+267
6, 6, inf
6, 7, 8.035794e+229
6, 8, 5.164309e+267
6, 9, 2.025860e+267
6, 10, 2.244511e+266
6, 11, inf
7, 0, 8.035794e+229
7, 1, 3.474509e+230
7, 2, 6.145438e+231
7, 3, -2.008949e+229
7, 4, 6.316916e+231
7, 5, 2.410738e+231
7, 6, 8.035794e+229
7, 7, inf
7, 8, 6.145438e+231
7, 9, 2.008949e+229
7, 10, inf
7, 11, 7.193857e+193
8, 0, 1.460158e+11
8, 1, -2.452952e+12
8, 2, -1.813530e+13
8, 3, 2.588472e+12
8, 4, 2.437685e+229
8, 5, 5.884703e+13
8, 6, 5.164309e+267
8, 7, 6.145438e+231
8, 8, 3.616482e+13
8, 9, 1.843776e+13
8, 10, 3.857181e+231
8, 11, 6.240279e+232
9, 0, -1.678664e+12
9, 1, 1.107209e+13
9, 2, -1.434252e+13
9, 3, 2.201777e+13
9, 4, 2.798754e+230
9, 5, 3.190915e+14
9, 6, 2.025860e+267
9, 7, 2.008949e+229
9, 8, 1.843776e+13
9, 9, 5.415046e+13
9, 10, 3.214318e+229
9, 11, 2.447943e+232
10, 0, 4.273487e+230
10, 1, 2.571454e+230
10, 2, 3.857181e+231
10, 3, -3.214318e+229
10, 4, 6.382280e+231
10, 5, 9.832701e+231
10, 6, 2.244511e+266
10, 7, inf
10, 8, 3.857181e+231
10, 9, 3.214318e+229
10, 10, inf
10, 11, 2.712149e+231
11, 0, 2.039952e+230
11, 1, 3.528130e+231
11, 2, -6.240279e+232
11, 3, 2.712149e+231
11, 4, 6.049754e+231
11, 5, 2.447943e+232
11, 6, inf
11, 7, 7.193857e+193
11, 8, 6.240279e+232
11, 9, 2.447943e+232
11, 10, 2.712149e+231
11, 11, inf

# Element ID: 4
0, 0, 2.209833e+11
0, 1, -1.981020e+12
0, 2, -1.742413e+11
0, 3, -1.825865e+12
0, 4, -1.305035e+12
0, 5, -4.026431e+13
0, 6, 2.039952e+230
0, 7, 4.067503e+230
0, 8, 2.026656e+11
0, 9, -1.677183e+12
0, 10, -4.019940e+13
0, 11, -4.039507e+13
1, 0, -1.981020e+12
1, 1, 2.680500e+13
1, 2, 8.380301e+11
1, 3, 2.113615e+13
1, 4, 8.013407e+12
1, 5, 2.879953e+14
1, 6, 3.528130e+231
1, 7, 2.958590e+231
1, 8, -1.358776e+12
1, 9, 2.231439e+13
1, 10, 2.818248e+14
1, 11, 2.877682e+14
2, 0, -1.742413e+11
2, 1, 8.380301e+11
2, 2, 2.644802e+13
2, 3, 1.086370e+12
2, 4, 3.959803e+12
2, 5, 2.671396e+13
2, 6, 1.344394e+232
2, 7, -3.302164e+232
2, 8, -1.813530e+13
2, 9, -1.434252e+13
2, 10, 4.362954e+13
2, 11, 2.430934e+13
3, 0, -1.825865e+12
3, 1, 2.113615e+13
3, 2, 1.086370e+12
3, 3, 2.113281e+13
3, 4, 7.716479e+12
3, 5, 2.869732e+14
3, 6, 2.712149e+231
3, 7, 1.285480e+231
3, 8, 2.588472e+12
3, 9, 2.201777e+13
3, 10, 2.860814e+14
3, 11, 2.869872e+14
4, 0, -1.305035e+12
4, 1, 8.013407e+12
4, 2, 3.959803e+12
4, 3, 7.716479e+12
4, 4, 2.051719e+13
4, 5, 3.916721e+14
4, 6, -2.642064e+230
4, 7, 8.756577e+231
4, 8, 6.705646e+12
4, 9, 8.781896e+12
4, 10, 3.922556e+14
4, 11, 3.892645e+14
5, 0, -4.026431e+13
5, 1, 2.879953e+14
5, 2, 2.671396e+13
5, 3, 2.869732e+14
5, 4, 3.916721e+14
5, 5, 9.954269e+15
5, 6, 2.447943e+232
5, 7, 1.022552e+233
5, 8, 5.884703e+13
5, 9, 3.190915e+14
5, 10, 9.920588e+15
5, 11, 9.951008e+15
6, 0, 2.039952e+230
6, 1, 3.528130e+231
6, 2, 1.344394e+232
6, 3, 2.712149e+231
6, 4, -2.642064e+230
6, 5, 2.447943e+232
6, 6, inf
6, 7, inf
6, 8, -1.344394e+232
6, 9, 2.447943e+232
6, 10, -1.080187e+231
6, 11, 2.447943e+232
7, 0, 4.067503e+230
7, 1, 2.958590e+231
7, 2, -3.302164e+232
7, 3, 1.285480e+231
7, 4, 8.756577e+231
7, 5, 1.022552e+233
7, 6, inf
7, 7, inf
7, 8, 4.531252e+232
7, 9, 9.986455e+232
7, 10, 7.451007e+231
7, 11, 9.984446e+232
8, 0, 2.026656e+11
8, 1, -1.358776e+12
8, 2, -1.813530e+13
8, 3, 2.588472e+12
8, 4, 6.705646e+12
8, 5, 5.884703e+13
8, 6, -1.344394e+232
8, 7, 4.531252e+232
8, 8, 3.616482e+13
8, 9, 1.843776e+13
8, 10, 5.504944e+13
8, 11, 5.658585e+13
9, 0, -1.677183e+12
9, 1, 2.231439e+13
9, 2, -1.434252e+13
9, 3, 2.201777e+13
9, 4, 8.781896e+12
9, 5, 3.190915e+14
9, 6, 2.447943e+232
9, 7, 9.986455e+232
9, 8, 1.843776e+13
9, 9, 5.415046e+13
9, 10, 2.869697e+14
9, 11, 3.190862e+14
10, 0, -4.019940e+13
10, 1, 2.818248e+14
10, 2, 4.362954e+13
10, 3, 2.860814e+14
10, 4, 3.922556e+14
10, 5, 9.920588e+15
10, 6, -1.080187e+231
10, 7, 7.451007e+231
10, 8, 5.504944e+13
10, 9, 2.869697e+14
10, 10, 9.931542e+15
10, 11, 9.918326e+15
11, 0, -4.039507e+13
11, 1, 2.877682e+14
11, 2, 2.430934e+13
11, 3, 2.869872e+14
11, 4, 3.892645e+14
11, 5, 9.951008e+15
11, 6, 2.447943e+232
11, 7, 9.984446e+232
11, 8, 5.658585e+13
11, 9, 3.190862e+14
11, 10, 9.918326e+15
11, 11, 9.951006e+15

# Element ID: 5
0, 0, 2.209833e+11
0, 1, -1.981020e+12
0, 2, -1.742413e+11
0, 3, -1.825865e+12
0, 4, -1.520856e+12
0, 5, -4.026431e+13
0, 6, 2.039952e+230
0, 7, -1.978574e+12
0, 8, 2.026656e+11
0, 9, -1.677183e+12
0, 10, -4.019940e+13
0, 11, -4.039507e+13
1, 0, -1.981020e+12
1, 1, 2.680500e+13
1, 2, 8.380301e+11
1, 3, 2.113615e+13
1, 4, 1.074404e+13
1, 5, 2.879953e+14
1, 6, 3.528130e+231
1, 7, 1.475826e+13
1, 8, -1.358776e+12
1, 9, 2.231439e+13
1, 10, 2.818248e+14
1, 11, 2.877682e+14
2, 0, -1.742413e+11
2, 1, 8.380301e+11
2, 2, 2.644802e+13
2, 3, 1.086370e+12
2, 4, 4.188427e+12
2, 5, 2.671396e+13
2, 6, -6.240279e+232
2, 7, -1.286355e+13
2, 8, -1.813530e+13
2, 9, -1.434252e+13
2, 10, 4.362954e+13
2, 11, 2.430934e+13
3, 0, -1.825865e+12
3, 1, 2.113615e+13
3, 2, 1.086370e+12
3, 3, 2.113281e+13
3, 4, 1.067187e+13
3, 5, 2.869732e+14
3, 6, 2.712149e+231
3, 7, 1.962255e+13
3, 8, 2.588472e+12
3, 9, 2.201777e+13
3, 10, 2.860814e+14
3, 11, 2.869872e+14
4, 0, -1.520856e+12
4, 1, 1.074404e+13
4, 2, 4.188427e+12
4, 3, 1.067187e+13
4, 4, 2.141544e+13
4, 5, 4.183258e+14
4, 6, 3.528130e+231
4, 7, 2.777900e+13
4, 8, 7.151717e+12
4, 9, 1.174643e+13
4, 10, 4.191461e+14
4, 11, 4.159218e+14
5, 0, -4.026431e+13
5, 1, 2.879953e+14
5, 2, 2.671396e+13
5, 3, 2.869732e+14
5, 4, 4.183258e+14
5, 5, 9.954269e+15
5, 6, 2.447943e+232
5, 7, 6.043543e+14
5, 8, 5.884703e+13
5, 9, 3.190915e+14
5, 10, 9.920588e+15
5, 11, 9.951008e+15
6, 0, 2.039952e+230
6, 1, 3.528130e+231
6, 2, -6.240279e+232
6, 3, 2.712149e+231
6, 4, 3.528130e+231
6, 5, 2.447943e+232
6, 6, inf
6, 7, 6.240279e+232
6, 8, 6.240279e+232
6, 9, 2.447943e+232
6, 10, 2.712149e+231
6, 11, 2.447943e+232
7, 0, -1.978574e+12
7, 1, 1.475826e+13
7, 2, -1.286355e+13
7, 3, 1.962255e+13
7, 4, 2.777900e+13
7, 5, 6.043543e+14
7, 6, 6.240279e+232
7, 7, 8.148057e+13
7, 8, 2.716441e+13
7, 9, 4.269562e+13
7, 10, 5.844173e+14
7, 11, 6.011786e+14
8, 0, 2.026656e+11
8, 1, -1.358776e+12
8, 2, -1.813530e+13
8, 3, 2.588472e+12
8, 4, 7.151717e+12
8, 5, 5.884703e+13
8, 6, 6.240279e+232
8, 7, 2.716441e+13
8, 8, 3.616482e+13
8, 9, 1.843776e+13
8, 10, 5.504944e+13
8, 11, 5.658585e+13
9, 0, -1.677183e+12
9, 1, 2.231439e+13
9, 2, -1.434252e+13
9, 3, 2.201777e+13
9, 4, 1.174643e+13
9, 5, 3.190915e+14
9, 6, 2.447943e+232
9, 7, 4.269562e+13
9, 8, 1.843776e+13
9, 9, 5.415046e+13
9, 10, 2.869697e+14
9, 11, 3.190862e+14
10, 0, -4.019940e+13
10, 1, 2.818248e+14
10, 2, 4.362954e+13
10, 3, 2.860814e+14
10, 4, 4.191461e+14
10, 5, 9.920588e+15
10, 6, 2.712149e+231
10, 7, 5.844173e+14
10, 8, 5.504944e+13
10, 9, 2.869697e+14
10, 10, 9.931542e+15
10, 11, 9.918326e+15
11, 0, -4.039507e+13
11, 1, 2.877682e+14
11, 2, 2.430934e+13
11, 3, 2.869872e+14
11, 4, 4.159218e+14
11, 5, 9.951008e+15
11, 6, 2.447943e+232
11, 7, 6.011786e+14
11, 8, 5.658585e+13
11, 9, 3.190862e+14
11, 10, 9.918326e+15
11, 11, 9.951006e+15

# Element ID: 6
0, 0, 2.209833e+11
0, 1, -1.981020e+12
0, 2, -1.742413e+11
0, 3, -1.825865e+12
0, 4, -1.520856e+12
0, 5, -4.026431e+13
0, 6, -3.917941e+10
0, 7, -1.978574e+12
0, 8, 2.026656e+11
0, 9, -1.677183e+12
0, 10, -4.019940e+13
0, 11, -4.039507e+13
1, 0, -1.981020e+12
1, 1, 2.680500e+13
1, 2, 8.380301e+11
1, 3, 2.113615e+13
1, 4, 1.074404e+13
1, 5, 2.879953e+14
1, 6, 3.089579e+12
1, 7, 1.475826e+13
1, 8, -1.358776e+12
1, 9, 2.231439e+13
1, 10, 2.818248e+14
1, 11, 2.877682e+14
2, 0, -1.742413e+11
2, 1, 8.380301e+11
2, 2, 2.644802e+13
2, 3, 1.086370e+12
2, 4, 4.188427e+12
2, 5, 2.671396e+13
2, 6, -1.589879e+13
2, 7, -1.286355e+13
2, 8, -1.813530e+13
2, 9, -1.434252e+13
2, 10, 4.362954e+13
2, 11, 2.430934e+13
3, 0, -1.825865e+12
3, 1, 2.113615e+13
3, 2, 1.086370e+12
3, 3, 2.113281e+13
3, 4, 1.067187e+13
3, 5, 2.869732e+14
3, 6, 2.787736e+12
3, 7, 1.962255e+13
3, 8, 2.588472e+12
3, 9, 2.201777e+13
3, 10, 2.860814e+14
3, 11, 2.869872e+14
4, 0, -1.520856e+12
4, 1, 1.074404e+13
4, 2, 4.188427e+12
4, 3, 1.067187e+13
4, 4, 2.141544e+13
4, 5, 4.183258e+14
4, 6, 2.813058e+12
4, 7, 2.777900e+13
4, 8, 7.151717e+12
4, 9, 1.174643e+13
4, 10, 4.191461e+14
4, 11, 4.159218e+14
5, 0, -4.026431e+13
5, 1, 2.879953e+14
5, 2, 2.671396e+13
5, 3, 2.869732e+14
5, 4, 4.183258e+14
5, 5, 9.954269e+15
5, 6, 7.370468e+13
5, 7, 6.043543e+14
5, 8, 5.884703e+13
5, 9, 3.190915e+14
5, 10, 9.920588e+15
5, 11, 9.951008e+15
6, 0, -3.917941e+10
6, 1, 3.089579e+12
6, 2, -1.589879e+13
6, 3, 2.787736e+12
6, 4, 2.813058e+12
6, 5, 7.370468e+13
6, 6, 3.329377e+13
6, 7, 2.727742e+13
6, 8, 1.688149e+13
6, 9, 3.492136e+13
6, 10, 4.153658e+13
6, 11, 7.357659e+13
7, 0, -1.978574e+12
7, 1, 1.475826e+13
7, 2, -1.286355e+13
7, 3, 1.962255e+13
7, 4, 2.777900e+13
7, 5, 6.043543e+14
7, 6, 2.727742e+13
7, 7, 8.148057e+13
7, 8, 2.716441e+13
7, 9, 4.269562e+13
7, 10, 5.844173e+14
7, 11, 6.011786e+14
8, 0, 2.026656e+11
8, 1, -1.358776e+12
8, 2, -1.813530e+13
8, 3, 2.588472e+12
8, 4, 7.151717e+12
8, 5, 5.884703e+13
8, 6, 1.688149e+13
8, 7, 2.716441e+13
8, 8, 3.616482e+13
8, 9, 1.843776e+13
8, 10, 5.504944e+13
8, 11, 5.658585e+13
9, 0, -1.677183e+12
9, 1, 2.231439e+13
9, 2, -1.434252e+13
9, 3, 2.201777e+13
9, 4, 1.174643e+13
9, 5, 3.190915e+14
9, 6, 3.492136e+13
9, 7, 4.269562e+13
9, 8, 1.843776e+13
9, 9, 5.415046e+13
9, 10, 2.869697e+14
9, 11, 3.190862e+14
10, 0, -4.019940e+13
10, 1, 2.818248e+14
10, 2, 4.362954e+13
10, 3, 2.860814e+14
10, 4, 4.191461e+14
10, 5, 9.920588e+15
10, 6, 4.153658e+13
10, 7, 5.844173e+14
10, 8, 5.504944e+13
10, 9, 2.869697e+14
10, 10, 9.931542e+15
10, 11, 9.918326e+15
11, 0, -4.039507e+13
11, 1, 2.877682e+14
11, 2, 2.430934e+13
11, 3, 2.869872e+14
11, 4, 4.159218e+14
11, 5, 9.951008e+15
11, 6, 7.357659e+13
11, 7, 6.011786e+14
11, 8, 5.658585e+13
11, 9, 3.190862e+14
11, 10, 9.918326e+15
11, 11, 9.951006e+15

# Element ID: 7
0, 0, 2.209833e+11
0, 1, -1.981020e+12
0, 2, -1.742413e+11
0, 3, -1.825865e+12
0, 4, -1.520856e+12
0, 5, -4.026431e+13
0, 6, -3.917941e+10
0, 7, -1.978574e+12
0, 8, 2.026656e+11
0, 9, -1.677183e+12
0, 10, -4.019940e+13
0, 11, -4.039507e+13
1, 0, -1.981020e+12
1, 1, 2.680500e+13
1, 2, 8.380301e+11
1, 3, 2.113615e+13
1, 4, 1.074404e+13
1, 5, 2.879953e+14
1, 6, 3.089579e+12
1, 7, 1.475826e+13
1, 8, -1.358776e+12
1, 9, 2.231439e+13
1, 10, 2.818248e+14
1, 11, 2.877682e+14
2, 0, -1.742413e+11
2, 1, 8.380301e+11
2, 2, 2.644802e+13
2, 3, 1.086370e+12
2, 4, 4.188427e+12
2, 5, 2.671396e+13
2, 6, -1.589879e+13
2, 7, -1.286355e+13
2, 8, -1.813530e+13
2, 9, -1.434252e+13
2, 10, 4.362954e+13
2, 11, 2.430934e+13
3, 0, -1.825865e+12
3, 1, 2.113615e+13
3, 2, 1.086370e+12
3, 3, 2.113281e+13
3, 4, 1.067187e+13
3, 5, 2.869732e+14
3, 6, 2.787736e+12
3, 7, 1.962255e+13
3, 8, 2.588472e+12
3, 9, 2.201777e+13
3, 10, 2.860814e+14
3, 11, 2.869872e+14
4, 0, -1.520856e+12
4, 1, 1.074404e+13
4, 2, 4.188427e+12
4, 3, 1.067187e+13
4, 4, 2.141544e+13
4, 5, 4.183258e+14
4, 6, 2.813058e+12
4, 7, 2.777900e+13
4, 8, 7.151717e+12
4, 9, 1.174643e+13
4, 10, 4.191461e+14
4, 11, 4.159218e+14
5, 0, -4.026431e+13
5, 1, 2.879953e+14
5, 2, 2.671396e+13
5, 3, 2.869732e+14
5, 4, 4.183258e+14
5, 5, 9.954269e+15
5, 6, 7.370468e+13
5, 7, 6.043543e+14
5, 8, 5.884703e+13
5, 9, 3.190915e+14
5, 10, 9.920588e+15
5, 11, 9.951008e+15
6, 0, -3.917941e+10
6, 1, 3.089579e+12
6, 2, -1.589879e+13
6, 3, 2.787736e+12
6, 4, 2.813058e+12
6, 5, 7.370468e+13
6, 6, 3.329377e+13
6, 7, 2.727742e+13
6, 8, 1.688149e+13
6, 9, 3.492136e+13
6, 10, 4.153658e+13
6, 11, 7.357659e+13
7, 0, -1.978574e+12
7, 1, 1.475826e+13
7, 2, -1.286355e+13
7, 3, 1.962255e+13
7, 4, 2.777900e+13
7, 5, 6.043543e+14
7, 6, 2.727742e+13
7, 7, 8.148057e+13
7, 8, 2.716441e+13
7, 9, 4.269562e+13
7, 10, 5.844173e+14
7, 11, 6.011786e+14
8, 0, 2.026656e+11
8, 1, -1.358776e+12
8, 2, -1.813530e+13
8, 3, 2.588472e+12
8, 4, 7.151717e+12
8, 5, 5.884703e+13
8, 6, 1.688149e+13
8, 7, 2.716441e+13
8, 8, 3.616482e+13
8, 9, 1.843776e+13
8, 10, 5.504944e+13
8, 11, 5.658585e+13
9, 0, -1.677183e+12
9, 1, 2.231439e+13
9, 2, -1.434252e+13
9, 3, 2.201777e+13
9, 4, 1.174643e+13
9, 5, 3.190915e+14
9, 6, 3.492136e+13
9, 7, 4.269562e+13
9, 8, 1.843776e+13
9, 9, 5.415046e+13
9, 10, 2.869697e+14
9, 11, 3.190862e+14
10, 0, -4.019940e+13
10, 1, 2.818248e+14
10, 2, 4.362954e+13
10, 3, 2.860814e+14
10, 4, 4.191461e+14
10, 5, 9.920588e+15
10, 6, 4.153658e+13
10, 7, 5.844173e+14
10, 8, 5.504944e+13
10, 9, 2.869697e+14
10, 10, 9.931542e+15
10, 11, 9.918326e+15
11, 0, -4.039507e+13
11, 1, 2.877682e+14
11, 2, 2.430934e+13
11, 3, 2.869872e+14
11, 4, 4.159218e+14
11, 5, 9.951008e+15
11, 6, 7.357659e+13
11, 7, 6.011786e+14
11, 8, 5.658585e+13
11, 9, 3.190862e+14
11, 10, 9.918326e+15
11, 11, 9.951006e+15

# Element ID: 8
0, 0, 2.209833e+11
0, 1, -1.981020e+12
0, 2, -1.742413e+11
0, 3, -1.825865e+12
0, 4, -1.520856e+12
0, 5, -4.026431e+13
0, 6, -3.917941e+10
0, 7, -1.978574e+12
0, 8, 2.026656e+11
0, 9, -1.677183e+12
0, 10, -4.019940e+13
0, 11, -4.039507e+13
1, 0, -1.981020e+12
1, 1, 2.680500e+13
1, 2, 8.380301e+11
1, 3, 2.113615e+13
1, 4, 1.074404e+13
1, 5, 2.879953e+14
1, 6, 3.089579e+12
1, 7, 1.475826e+13
1, 8, -1.358776e+12
1, 9, 2.231439e+13
1, 10, 2.818248e+14
1, 11, 2.877682e+14
2, 0, -1.742413e+11
2, 1, 8.380301e+11
2, 2, 2.644802e+13
2, 3, 1.086370e+12
2, 4, 4.188427e+12
2, 5, 2.671396e+13
2, 6, -1.589879e+13
2, 7, -1.286355e+13
2, 8, -1.813530e+13
2, 9, -1.434252e+13
2, 10, 4.362954e+13
2, 11, 2.430934e+13
3, 0, -1.825865e+12
3, 1, 2.113615e+13
3, 2, 1.086370e+12
3, 3, 2.113281e+13
3, 4, 1.067187e+13
3, 5, 2.869732e+14
3, 6, 2.787736e+12
3, 7, 1.962255e+13
3, 8, 2.588472e+12
3, 9, 2.201777e+13
3, 10, 2.860814e+14
3, 11, 2.869872e+14
4, 0, -1.520856e+12
4, 1, 1.074404e+13
4, 2, 4.188427e+12
4, 3, 1.067187e+13
4, 4, 2.141544e+13
4, 5, 4.183258e+14
4, 6, 2.813058e+12
4, 7, 2.777900e+13
4, 8, 7.151717e+12
4, 9, 1.174643e+13
4, 10, 4.191461e+14
4, 11, 4.159218e+14
5, 0, -4.026431e+13
5, 1, 2.879953e+14
5, 2, 2.671396e+13
5, 3, 2.869732e+14
5, 4, 4.183258e+14
5, 5, 9.954269e+15
5, 6, 7.370468e+13
5, 7, 6.043543e+14
5, 8, 5.884703e+13
5, 9, 3.190915e+14
5, 10, 9.920588e+15
5, 11, 9.951008e+15
6, 0, -3.917941e+10
6, 1, 3.089579e+12
6, 2, -1.589879e+13
6, 3, 2.787736e+12
6, 4, 2.813058e+12
6, 5, 7.370468e+13
6, 6, 3.329377e+13
6, 7, 2.727742e+13
6, 8, 1.688149e+13
6, 9, 3.492136e+13
6, 10, 4.153658e+13
6, 11, 7.357659e+13
7, 0, -1.978574e+12
7, 1, 1.475826e+13
7, 2, -1.286355e+13
7, 3, 1.962255e+13
7, 4, 2.777900e+13
7, 5, 6.043543e+14
7, 6, 2.727742e+13
7, 7, 8.148057e+13
7, 8, 2.716441e+13
7, 9, 4.269562e+13
7, 10, 5.844173e+14
7, 11, 6.011786e+14
8, 0, 2.026656e+11
8, 1, -1.358776e+12
8, 2, -1.813530e+13
8, 3, 2.588472e+12
8, 4, 7.151717e+12
8, 5, 5.884703e+13
8, 6, 1.688149e+13
8, 7, 2.716441e+13
8, 8, 3.616482e+13
8, 9, 1.843776e+13
8, 10, 5.504944e+13
8, 11, 5.658585e+13
9, 0, -1.677183e+12
9, 1, 2.231439e+13
9, 2, -1.434252e+13
9, 3, 2.201777e+13
9, 4, 1.174643e+13
9, 5, 3.190915e+14
9, 6, 3.492136e+13
9, 7, 4.269562e+13
9, 8, 1.843776e+13
9, 9, 5.415046e+13
9, 10, 2.869697e+14
9, 11, 3.190862e+14
10, 0, -4.019940e+13
10, 1, 2.818248e+14
10, 2, 4.362954e+13
10, 3, 2.860814e+14
10, 4, 4.191461e+14
10, 5, 9.920588e+15
10, 6, 4.153658e+13
10, 7, 5.844173e+14
10, 8, 5.504944e+13
10, 9, 2.869697e+14
10, 10, 9.931542e+15
10, 11, 9.918326e+15
11, 0, -4.039507e+13
11, 1, 2.877682e+14
11, 2, 2.430934e+13
11, 3, 2.869872e+14
11, 4, 4.159218e+14
11, 5, 9.951008e+15
11, 6, 7.357659e+13
11, 7, 6.011786e+14
11, 8, 5.658585e+13
11, 9, 3.190862e+14
11, 10, 9.918326e+15
11, 11, 9.951006e+15

# Element ID: 9
0, 0, 2.209833e+11
0, 1, -1.981020e+12
0, 2, -1.742413e+11
0, 3, -1.825865e+12
0, 4, -1.520856e+12
0, 5, -4.026431e+13
0, 6, -3.917941e+10
0, 7, -1.978574e+12
0, 8, 2.026656e+11
0, 9, -1.677183e+12
0, 10, -4.019940e+13
0, 11, -4.039507e+13
1, 0, -1.981020e+12
1, 1, 2.680500e+13
1, 2, 8.380301e+11
1, 3, 2.113615e+13
1, 4, 1.074404e+13
1, 5, 2.879953e+14
1, 6, 3.089579e+12
1, 7, 1.475826e+13
1, 8, -1.358776e+12
1, 9, 2.231439e+13
1, 10, 2.818248e+14
1, 11, 2.877682e+14
2, 0, -1.742413e+11
2, 1, 8.380301e+11
2, 2, 2.644802e+13
2, 3, 1.086370e+12
2, 4, 4.188427e+12
2, 5, 2.671396e+13
2, 6, -1.589879e+13
2, 7, -1.286355e+13
2, 8, -1.813530e+13
2, 9, -1.434252e+13
2, 10, 4.362954e+13
2, 11, 2.430934e+13
3, 0, -1.825865e+12
3, 1, 2.113615e+13
3, 2, 1.086370e+12
3, 3, 2.113281e+13
3, 4, 1.067187e+13
3, 5, 2.869732e+14
3, 6, 2.787736e+12
3, 7, 1.962255e+13
3, 8, 2.588472e+12
3, 9, 2.201777e+13
3, 10, 2.860814e+14
3, 11, 2.869872e+14
4, 0, -1.520856e+12
4, 1, 1.074404e+13
4, 2, 4.188427e+12
4, 3, 1.067187e+13
4, 4, 2.141544e+13
4, 5, 4.183258e+14
4, 6, 2.813058e+12
4, 7, 2.777900e+13
4, 8, 7.151717e+12
4, 9, 1.174643e+13
4, 10, 4.191461e+14
4, 11, 4.159218e+14
5, 0, -4.026431e+13
5, 1, 2.879953e+14
5, 2, 2.671396e+13
5, 3, 2.869732e+14
5, 4, 4.183258e+14
5, 5, 9.954269e+15
5, 6, 7.370468e+13
5, 7, 6.043543e+14
5, 8, 5.884703e+13
5, 9, 3.190915e+14
5, 10, 9.920588e+15
5, 11, 9.951008e+15
6, 0, -3.917941e+10
6, 1, 3.089579e+12
6, 2, -1.589879e+13
6, 3, 2.787736e+12
6, 4, 2.813058e+12
6, 5, 7.370468e+13
6, 6, 3.329377e+13
6, 7, 2.727742e+13
6, 8, 1.688149e+13
6, 9, 3.492136e+13
6, 10, 4.153658e+13
6, 11, 7.357659e+13
7, 0, -1.978574e+12
7, 1, 1.475826e+13
7, 2, -1.286355e+13
7, 3, 1.962255e+13
7, 4, 2.777900e+13
7, 5, 6.043543e+14
7, 6, 2.727742e+13
7, 7, 8.148057e+13
7, 8, 2.716441e+13
7, 9, 4.269562e+13
7, 10, 5.844173e+14
7, 11, 6.011786e+14
8, 0, 2.026656e+11
8, 1, -1.358776e+12
8, 2, -1.813530e+13
8, 3, 2.588472e+12
8, 4, 7.151717e+12
8, 5, 5.884703e+13
8, 6, 1.688149e+13
8, 7, 2.716441e+13
8, 8, 3.616482e+13
8, 9, 1.843776e+13
8, 10, 5.504944e+13
8, 11, 5.658585e+13
9, 0, -1.677183e+12
9, 1, 2.231439e+13
9, 2, -1.434252e+13
9, 3, 2.201777e+13
9, 4, 1.174643e+13
9, 5, 3.190915e+14
9, 6, 3.492136e+13
9, 7, 4.269562e+13
9, 8, 1.843776e+13
9, 9, 5.415046e+13
9, 10, 2.869697e+14
9, 11, 3.190862e+14
10, 0, -4.019940e+13
10, 1, 2.818248e+14
10, 2, 4.362954e+13
10, 3, 2.860814e+14
10, 4, 4.191461e+14
10, 5, 9.920588e+15
10, 6, 4.153658e+13
10, 7, 5.844173e+14
10, 8, 5.504944e+13
10, 9, 2.869697e+14
10, 10, 9.931542e+15
10, 11, 9.918326e+15
11, 0, -4.039507e+13
11, 1, 2.877682e+14
11, 2, 2.430934e+13
11, 3, 2.869872e+14
11, 4, 4.159218e+14
11, 5, 9.951008e+15
11, 6, 7.357659e+13
11, 7, 6.011786e+14
11, 8, 5.658585e+13
11, 9, 3.190862e+14
11, 10, 9.918326e+15
11, 11, 9.951006e+15
