# Static simulation
# Job: job_0001
# Scale: global
# Data key: K_mod
# Timestamp (runner starts): 2025-05-18_00-15-19
# Data:
0, 0, 4.480022e+49
1, 1, 4.480022e+49
2, 2, 4.480022e+49
3, 3, 4.480022e+49
4, 4, 4.480022e+49
5, 5, 4.480022e+49
6, 6, 4.480022e+39
6, 12, -2.000000e+11
7, 7, 4.480022e+39
7, 11, 3.200016e+12
7, 13, -2.240011e+13
7, 17, 9.600048e+12
8, 8, 4.480022e+39
8, 10, -8.000160e+11
8, 14, -5.600112e+12
8, 16, -2.400048e+12
9, 9, 4.480022e+39
9, 15, -6.565378e+07
10, 8, -8.000160e+11
10, 10, 4.480022e+39
10, 14, 3.200064e+12
10, 16, 1.333360e+12
11, 7, 3.200016e+12
11, 11, 4.480022e+39
11, 13, -1.280006e+13
11, 17, 5.333360e+12
12, 6, -2.000000e+11
12, 12, 4.480022e+39
12, 18, -2.000000e+11
13, 7, -2.240011e+13
13, 11, -1.280006e+13
13, 13, 4.480022e+39
13, 17, 3.200016e+12
13, 19, -2.240011e+13
13, 23, 9.600048e+12
14, 8, -5.600112e+12
14, 10, 3.200064e+12
14, 14, 4.480022e+39
14, 16, -8.000160e+11
14, 20, -5.600112e+12
14, 22, -2.400048e+12
15, 9, -6.565378e+07
15, 15, 4.480022e+39
15, 21, -6.565378e+07
16, 8, -2.400048e+12
16, 10, 1.333360e+12
16, 14, -8.000160e+11
16, 16, 4.480022e+39
16, 20, 3.200064e+12
16, 22, 1.333360e+12
17, 7, 9.600048e+12
17, 11, 5.333360e+12
17, 13, 3.200016e+12
17, 17, 4.480022e+39
17, 19, -1.280006e+13
17, 23, 5.333360e+12
18, 12, -2.000000e+11
18, 18, 4.480022e+39
18, 24, -2.000000e+11
19, 13, -2.240011e+13
19, 17, -1.280006e+13
19, 19, 4.480022e+39
19, 23, 3.200016e+12
19, 25, -2.240011e+13
19, 29, 9.600048e+12
20, 14, -5.600112e+12
20, 16, 3.200064e+12
20, 20, 4.480022e+39
20, 22, -8.000160e+11
20, 26, -5.600112e+12
20, 28, -2.400048e+12
21, 15, -6.565378e+07
21, 21, 4.480022e+39
21, 27, -6.565378e+07
22, 14, -2.400048e+12
22, 16, 1.333360e+12
22, 20, -8.000160e+11
22, 22, 4.480022e+39
22, 26, 3.200064e+12
22, 28, 1.333360e+12
23, 13, 9.600048e+12
23, 17, 5.333360e+12
23, 19, 3.200016e+12
23, 23, 4.480022e+39
23, 25, -1.280006e+13
23, 29, 5.333360e+12
24, 18, -2.000000e+11
24, 24, 4.480022e+39
24, 30, -2.000000e+11
25, 19, -2.240011e+13
25, 23, -1.280006e+13
25, 25, 4.480022e+39
25, 29, 3.200016e+12
25, 31, -2.240011e+13
25, 35, 9.600048e+12
26, 20, -5.600112e+12
26, 22, 3.200064e+12
26, 26, 4.480022e+39
26, 28, -8.000160e+11
26, 32, -5.600112e+12
26, 34, -2.400048e+12
27, 21, -6.565378e+07
27, 27, 4.480022e+39
27, 33, -6.565378e+07
28, 20, -2.400048e+12
28, 22, 1.333360e+12
28, 26, -8.000160e+11
28, 28, 4.480022e+39
28, 32, 3.200064e+12
28, 34, 1.333360e+12
29, 19, 9.600048e+12
29, 23, 5.333360e+12
29, 25, 3.200016e+12
29, 29, 4.480022e+39
29, 31, -1.280006e+13
29, 35, 5.333360e+12
30, 24, -2.000000e+11
30, 30, 4.480022e+39
30, 36, -2.000000e+11
31, 25, -2.240011e+13
31, 29, -1.280006e+13
31, 31, 4.480022e+39
31, 35, 3.200016e+12
31, 37, -2.240011e+13
31, 41, 9.600048e+12
32, 26, -5.600112e+12
32, 28, 3.200064e+12
32, 32, 4.480022e+39
32, 34, -8.000160e+11
32, 38, -5.600112e+12
32, 40, -2.400048e+12
33, 27, -6.565378e+07
33, 33, 4.480022e+39
33, 39, -6.565378e+07
34, 26, -2.400048e+12
34, 28, 1.333360e+12
34, 32, -8.000160e+11
34, 34, 4.480022e+39
34, 38, 3.200064e+12
34, 40, 1.333360e+12
35, 25, 9.600048e+12
35, 29, 5.333360e+12
35, 31, 3.200016e+12
35, 35, 4.480022e+39
35, 37, -1.280006e+13
35, 41, 5.333360e+12
36, 30, -2.000000e+11
36, 36, 4.480022e+39
36, 42, -2.000000e+11
37, 31, -2.240011e+13
37, 35, -1.280006e+13
37, 37, 4.480022e+39
37, 41, 3.200016e+12
37, 43, -2.240011e+13
37, 47, 9.600048e+12
38, 32, -5.600112e+12
38, 34, 3.200064e+12
38, 38, 4.480022e+39
38, 40, -8.000160e+11
38, 44, -5.600112e+12
38, 46, -2.400048e+12
39, 33, -6.565378e+07
39, 39, 4.480022e+39
39, 45, -6.565378e+07
40, 32, -2.400048e+12
40, 34, 1.333360e+12
40, 38, -8.000160e+11
40, 40, 4.480022e+39
40, 44, 3.200064e+12
40, 46, 1.333360e+12
41, 31, 9.600048e+12
41, 35, 5.333360e+12
41, 37, 3.200016e+12
41, 41, 4.480022e+39
41, 43, -1.280006e+13
41, 47, 5.333360e+12
42, 36, -2.000000e+11
42, 42, 4.480022e+39
42, 48, -2.000000e+11
43, 37, -2.240011e+13
43, 41, -1.280006e+13
43, 43, 4.480022e+39
43, 47, 3.200016e+12
43, 49, -2.240011e+13
43, 53, 9.600048e+12
44, 38, -5.600112e+12
44, 40, 3.200064e+12
44, 44, 4.480022e+39
44, 46, -8.000160e+11
44, 50, -5.600112e+12
44, 52, -2.400048e+12
45, 39, -6.565378e+07
45, 45, 4.480022e+39
45, 51, -6.565378e+07
46, 38, -2.400048e+12
46, 40, 1.333360e+12
46, 44, -8.000160e+11
46, 46, 4.480022e+39
46, 50, 3.200064e+12
46, 52, 1.333360e+12
47, 37, 9.600048e+12
47, 41, 5.333360e+12
47, 43, 3.200016e+12
47, 47, 4.480022e+39
47, 49, -1.280006e+13
47, 53, 5.333360e+12
48, 42, -2.000000e+11
48, 48, 4.480022e+39
48, 54, -2.000000e+11
49, 43, -2.240011e+13
49, 47, -1.280006e+13
49, 49, 4.480022e+39
49, 53, 3.200016e+12
49, 55, -2.240011e+13
49, 59, 9.600048e+12
50, 44, -5.600112e+12
50, 46, 3.200064e+12
50, 50, 4.480022e+39
50, 52, -8.000160e+11
50, 56, -5.600112e+12
50, 58, -2.400048e+12
51, 45, -6.565378e+07
51, 51, 4.480022e+39
51, 57, -6.565378e+07
52, 44, -2.400048e+12
52, 46, 1.333360e+12
52, 50, -8.000160e+11
52, 52, 4.480022e+39
52, 56, 3.200064e+12
52, 58, 1.333360e+12
53, 43, 9.600048e+12
53, 47, 5.333360e+12
53, 49, 3.200016e+12
53, 53, 4.480022e+39
53, 55, -1.280006e+13
53, 59, 5.333360e+12
54, 48, -2.000000e+11
54, 54, 4.480022e+39
54, 60, -2.000000e+11
55, 49, -2.240011e+13
55, 53, -1.280006e+13
55, 55, 4.480022e+39
55, 59, 3.200016e+12
55, 61, -2.240011e+13
55, 65, 9.600048e+12
56, 50, -5.600112e+12
56, 52, 3.200064e+12
56, 56, 4.480022e+39
56, 58, -8.000160e+11
56, 62, -5.600112e+12
56, 64, -2.400048e+12
57, 51, -6.565378e+07
57, 57, 4.480022e+39
57, 63, -6.565378e+07
58, 50, -2.400048e+12
58, 52, 1.333360e+12
58, 56, -8.000160e+11
58, 58, 4.480022e+39
58, 62, 3.200064e+12
58, 64, 1.333360e+12
59, 49, 9.600048e+12
59, 53, 5.333360e+12
59, 55, 3.200016e+12
59, 59, 4.480022e+39
59, 61, -1.280006e+13
59, 65, 5.333360e+12
60, 54, -2.000000e+11
60, 60, 4.480022e+39
61, 55, -2.240011e+13
61, 59, -1.280006e+13
61, 61, 4.480022e+39
61, 65, -9.600048e+12
62, 56, -5.600112e+12
62, 58, 3.200064e+12
62, 62, 4.480022e+39
62, 64, 2.400048e+12
63, 57, -6.565378e+07
63, 63, 4.480022e+39
64, 56, -2.400048e+12
64, 58, 1.333360e+12
64, 62, 2.400048e+12
64, 64, 4.480022e+39
65, 55, 9.600048e+12
65, 59, 5.333360e+12
65, 61, -9.600048e+12
65, 65, 4.480022e+39
