Force Vector: element_F

Element 0: 0.00e+00, 0.00e+00, 0.00e+00, 0.00e+00, 0.00e+00, 0.00e+00, 0.00e+00, 9.34e-14, 0.00e+00, 0.00e+00, 0.00e+00, 0.00e+00
Element 1: 0.00e+00, 9.34e-14, 0.00e+00, 0.00e+00, 0.00e+00, 0.00e+00, 0.00e+00, 6.69e-14, 0.00e+00, 0.00e+00, 0.00e+00, 0.00e+00
Element 2: 0.00e+00, 6.69e-14, 0.00e+00, 0.00e+00, 0.00e+00, 0.00e+00, 0.00e+00, 4.80e-14, 0.00e+00, 0.00e+00, 0.00e+00, 0.00e+00
Element 3: 0.00e+00, 4.80e-14, 0.00e+00, 0.00e+00, 0.00e+00, 0.00e+00, 0.00e+00, 3.44e-14, 0.00e+00, 0.00e+00, 0.00e+00, 0.00e+00
Element 4: 0.00e+00, 3.44e-14, 0.00e+00, 0.00e+00, 0.00e+00, 0.00e+00, 0.00e+00, 2.46e-14, 0.00e+00, 0.00e+00, 0.00e+00, 0.00e+00
Element 5: 0.00e+00, 2.46e-14, 0.00e+00, 0.00e+00, 0.00e+00, 0.00e+00, 0.00e+00, 1.76e-14, 0.00e+00, 0.00e+00, 0.00e+00, 0.00e+00
Element 6: 0.00e+00, 1.76e-14, 0.00e+00, 0.00e+00, 0.00e+00, 0.00e+00, 0.00e+00, 1.26e-14, 0.00e+00, 0.00e+00, 0.00e+00, 0.00e+00
Element 7: 0.00e+00, 1.26e-14, 0.00e+00, 0.00e+00, 0.00e+00, 0.00e+00, 0.00e+00, 9.06e-15, 0.00e+00, 0.00e+00, 0.00e+00, 0.00e+00
Element 8: 0.00e+00, 9.06e-15, 0.00e+00, 0.00e+00, 0.00e+00, 0.00e+00, 0.00e+00, 3.53e-15, 0.00e+00, 0.00e+00, 0.00e+00, 0.00e+00
