# Static simulation
# Job: job_0001
# Scale: global
# Data key: F_mod
# Timestamp (runner starts): 2025-02-24_09-43-07
# Data:
0.000000e+00
0.000000e+00
0.000000e+00
0.000000e+00
0.000000e+00
0.000000e+00
0.000000e+00
9.340008e-14
0.000000e+00
0.000000e+00
0.000000e+00
0.000000e+00
0.000000e+00
6.692408e-14
0.000000e+00
0.000000e+00
0.000000e+00
0.000000e+00
0.000000e+00
4.795320e-14
0.000000e+00
0.000000e+00
0.000000e+00
0.000000e+00
0.000000e+00
3.435997e-14
0.000000e+00
0.000000e+00
0.000000e+00
0.000000e+00
0.000000e+00
2.461997e-14
0.000000e+00
0.000000e+00
0.000000e+00
0.000000e+00
0.000000e+00
1.764100e-14
0.000000e+00
0.000000e+00
0.000000e+00
0.000000e+00
0.000000e+00
1.264034e-14
0.000000e+00
0.000000e+00
0.000000e+00
0.000000e+00
0.000000e+00
9.057178e-15
0.000000e+00
0.000000e+00
0.000000e+00
0.000000e+00
0.000000e+00
3.534815e-15
0.000000e+00
0.000000e+00
0.000000e+00
0.000000e+00
