# Static simulation
# Job: job_0006
# Scale: global
# Data key: R_cond
# Timestamp (runner starts): 2025-04-08_17-27-16
# Data:
0.000000e+00
-1.057956e-08
0.000000e+00
0.000000e+00
0.000000e+00
-3.725290e-09
0.000000e+00
3.864761e-08
0.000000e+00
0.000000e+00
0.000000e+00
-1.490116e-08
0.000000e+00
-4.279354e-08
0.000000e+00
0.000000e+00
0.000000e+00
-2.235174e-08
0.000000e+00
-1.012959e-07
0.000000e+00
0.000000e+00
0.000000e+00
-5.960464e-08
0.000000e+00
7.073322e-08
0.000000e+00
0.000000e+00
0.000000e+00
-1.043081e-07
0.000000e+00
-1.432181e-08
0.000000e+00
0.000000e+00
0.000000e+00
1.639128e-07
0.000000e+00
-4.363319e-07
0.000000e+00
0.000000e+00
0.000000e+00
-1.043081e-07
0.000000e+00
6.445116e-07
0.000000e+00
0.000000e+00
0.000000e+00
-8.940697e-08
0.000000e+00
-1.123299e-07
0.000000e+00
0.000000e+00
0.000000e+00
-5.960464e-08
0.000000e+00
5.383336e-07
0.000000e+00
0.000000e+00
0.000000e+00
-5.960464e-08
