# Static simulation
# Job: job_0002
# Scale: global
# Data key: F_global
# Timestamp (runner starts): 2025-02-26_16-02-29
# Data:
0.000000e+00
-1.779912e+01
0.000000e+00
0.000000e+00
0.000000e+00
0.000000e+00
0.000000e+00
8.660736e+00
0.000000e+00
0.000000e+00
0.000000e+00
0.000000e+00
0.000000e+00
4.446573e+00
0.000000e+00
0.000000e+00
0.000000e+00
0.000000e+00
0.000000e+00
2.282949e+00
0.000000e+00
0.000000e+00
0.000000e+00
0.000000e+00
0.000000e+00
1.172098e+00
0.000000e+00
0.000000e+00
0.000000e+00
0.000000e+00
0.000000e+00
6.017809e-01
0.000000e+00
0.000000e+00
0.000000e+00
0.000000e+00
0.000000e+00
3.089592e-01
0.000000e+00
0.000000e+00
0.000000e+00
0.000000e+00
0.000000e+00
1.586294e-01
0.000000e+00
0.000000e+00
0.000000e+00
0.000000e+00
0.000000e+00
8.144143e-02
0.000000e+00
0.000000e+00
0.000000e+00
0.000000e+00
0.000000e+00
8.593313e-02
0.000000e+00
0.000000e+00
0.000000e+00
0.000000e+00
