# Static simulation
# Job: job_0003
# Scale: global
# Data key: U_global
# Timestamp (runner starts): 2025-03-03_09-41-09
# Data:
0.000000e+00
0.000000e+00
0.000000e+00
0.000000e+00
0.000000e+00
0.000000e+00
0.000000e+00
-4.180820e-05
0.000000e+00
0.000000e+00
0.000000e+00
0.000000e+00
0.000000e+00
-8.361641e-05
0.000000e+00
0.000000e+00
0.000000e+00
0.000000e+00
0.000000e+00
-1.045205e-04
0.000000e+00
0.000000e+00
0.000000e+00
0.000000e+00
0.000000e+00
-1.045205e-04
0.000000e+00
0.000000e+00
0.000000e+00
0.000000e+00
0.000000e+00
-1.045205e-04
0.000000e+00
0.000000e+00
0.000000e+00
0.000000e+00
0.000000e+00
-1.045205e-04
0.000000e+00
0.000000e+00
0.000000e+00
0.000000e+00
0.000000e+00
-1.045205e-04
0.000000e+00
0.000000e+00
0.000000e+00
0.000000e+00
0.000000e+00
-1.045205e-04
0.000000e+00
0.000000e+00
0.000000e+00
0.000000e+00
0.000000e+00
-1.045205e-04
0.000000e+00
0.000000e+00
0.000000e+00
0.000000e+00
0.000000e+00
-1.045205e-04
0.000000e+00
0.000000e+00
0.000000e+00
0.000000e+00
