# Static simulation
# Job: job_0005
# Scale: global
# Data key: R_cond
# Timestamp (runner starts): 2025-05-06_15-47-59
# Data:
0.000000e+00
-3.366608e-08
0.000000e+00
0.000000e+00
0.000000e+00
-7.450581e-09
0.000000e+00
2.974548e-08
0.000000e+00
0.000000e+00
0.000000e+00
-7.450581e-09
0.000000e+00
-5.135644e-08
0.000000e+00
0.000000e+00
0.000000e+00
-4.470348e-08
0.000000e+00
1.069093e-07
0.000000e+00
0.000000e+00
0.000000e+00
-7.450581e-08
0.000000e+00
1.240933e-07
0.000000e+00
0.000000e+00
0.000000e+00
4.470348e-08
0.000000e+00
5.259644e-07
0.000000e+00
0.000000e+00
0.000000e+00
4.321337e-07
0.000000e+00
-1.780336e-07
0.000000e+00
0.000000e+00
0.000000e+00
4.619360e-07
0.000000e+00
-4.162321e-07
0.000000e+00
0.000000e+00
0.000000e+00
1.490116e-08
0.000000e+00
7.944764e-07
0.000000e+00
0.000000e+00
0.000000e+00
1.639128e-07
0.000000e+00
1.964800e-07
0.000000e+00
0.000000e+00
0.000000e+00
1.639128e-07
