# Static simulation
# Job: job_0005
# Scale: global
# Data key: F_global
# Timestamp (runner starts): 2025-05-06_15-47-59
# Data:
0.000000e+00
-4.000015e+02
0.000000e+00
0.000000e+00
0.000000e+00
0.000000e+00
0.000000e+00
-9.999971e+02
0.000000e+00
0.000000e+00
0.000000e+00
0.000000e+00
0.000000e+00
-2.999995e+03
0.000000e+00
0.000000e+00
0.000000e+00
0.000000e+00
0.000000e+00
-5.000003e+03
0.000000e+00
0.000000e+00
0.000000e+00
0.000000e+00
0.000000e+00
-6.999995e+03
0.000000e+00
0.000000e+00
0.000000e+00
0.000000e+00
0.000000e+00
-9.000004e+03
0.000000e+00
0.000000e+00
0.000000e+00
0.000000e+00
0.000000e+00
-1.100000e+04
0.000000e+00
0.000000e+00
0.000000e+00
0.000000e+00
0.000000e+00
-1.300000e+04
0.000000e+00
0.000000e+00
0.000000e+00
0.000000e+00
0.000000e+00
-1.500000e+04
0.000000e+00
0.000000e+00
0.000000e+00
0.000000e+00
0.000000e+00
-1.700000e+04
0.000000e+00
0.000000e+00
0.000000e+00
0.000000e+00
0.000000e+00
-1.860000e+04
0.000000e+00
0.000000e+00
0.000000e+00
0.000000e+00
