# Static simulation
# Job: job_0006
# Scale: global
# Data key: R_cond
# Timestamp (runner starts): 2025-04-07_13-53-58
# Data:
0.000000e+00
1.177219e-08
0.000000e+00
0.000000e+00
0.000000e+00
0.000000e+00
0.000000e+00
-2.095703e-08
0.000000e+00
0.000000e+00
0.000000e+00
-4.656613e-09
0.000000e+00
1.681110e-08
0.000000e+00
0.000000e+00
0.000000e+00
-1.862645e-09
0.000000e+00
1.073204e-07
0.000000e+00
0.000000e+00
0.000000e+00
6.519258e-09
0.000000e+00
-7.827839e-08
0.000000e+00
0.000000e+00
0.000000e+00
-9.313226e-09
0.000000e+00
4.476142e-07
0.000000e+00
0.000000e+00
0.000000e+00
1.303852e-08
0.000000e+00
-1.979133e-07
0.000000e+00
0.000000e+00
0.000000e+00
4.656613e-09
0.000000e+00
-6.965929e-07
0.000000e+00
0.000000e+00
0.000000e+00
-8.381903e-09
0.000000e+00
8.115421e-07
0.000000e+00
0.000000e+00
0.000000e+00
1.396984e-08
0.000000e+00
-3.855384e-07
0.000000e+00
0.000000e+00
0.000000e+00
3.445894e-08
