# Static simulation
# Job: job_0002
# Scale: global
# Data key: K_cond
# Timestamp (runner starts): 2025-02-19_17-43-38
# Data:
0, 0, 1.000000e+12
0, 1, 0.000000e+00
0, 2, 0.000000e+00
0, 3, 0.000000e+00
0, 4, 0.000000e+00
0, 5, 0.000000e+00
0, 6, 0.000000e+00
0, 7, 0.000000e+00
0, 8, 0.000000e+00
0, 9, 0.000000e+00
0, 10, 0.000000e+00
0, 11, 0.000000e+00
0, 12, 0.000000e+00
0, 13, 0.000000e+00
0, 14, 0.000000e+00
0, 15, 0.000000e+00
0, 16, 0.000000e+00
0, 17, 0.000000e+00
0, 18, 0.000000e+00
0, 19, 0.000000e+00
0, 20, 0.000000e+00
0, 21, 0.000000e+00
0, 22, 0.000000e+00
0, 23, 0.000000e+00
0, 24, 0.000000e+00
0, 25, 0.000000e+00
0, 26, 0.000000e+00
0, 27, 0.000000e+00
0, 28, 0.000000e+00
0, 29, 0.000000e+00
0, 30, 0.000000e+00
0, 31, 0.000000e+00
0, 32, 0.000000e+00
0, 33, 0.000000e+00
0, 34, 0.000000e+00
0, 35, 0.000000e+00
0, 36, 0.000000e+00
0, 37, 0.000000e+00
0, 38, 0.000000e+00
0, 39, 0.000000e+00
0, 40, 0.000000e+00
0, 41, 0.000000e+00
0, 42, 0.000000e+00
0, 43, 0.000000e+00
0, 44, 0.000000e+00
0, 45, 0.000000e+00
0, 46, 0.000000e+00
0, 47, 0.000000e+00
0, 48, 0.000000e+00
0, 49, 0.000000e+00
0, 50, 0.000000e+00
0, 51, 0.000000e+00
0, 52, 0.000000e+00
0, 53, 0.000000e+00
0, 54, 0.000000e+00
0, 55, 0.000000e+00
0, 56, 0.000000e+00
0, 57, 0.000000e+00
0, 58, 0.000000e+00
0, 59, 0.000000e+00
0, 60, 0.000000e+00
0, 61, 0.000000e+00
0, 62, 0.000000e+00
0, 63, 0.000000e+00
0, 64, 0.000000e+00
0, 65, 0.000000e+00
0, 66, 0.000000e+00
0, 67, 0.000000e+00
0, 68, 0.000000e+00
0, 69, 0.000000e+00
0, 70, 0.000000e+00
0, 71, 0.000000e+00
0, 72, 0.000000e+00
0, 73, 0.000000e+00
0, 74, 0.000000e+00
0, 75, 0.000000e+00
0, 76, 0.000000e+00
0, 77, 0.000000e+00
0, 78, 0.000000e+00
0, 79, 0.000000e+00
0, 80, 0.000000e+00
0, 81, 0.000000e+00
0, 82, 0.000000e+00
0, 83, 0.000000e+00
0, 84, 0.000000e+00
0, 85, 0.000000e+00
0, 86, 0.000000e+00
0, 87, 0.000000e+00
0, 88, 0.000000e+00
0, 89, 0.000000e+00
0, 90, 0.000000e+00
0, 91, 0.000000e+00
0, 92, 0.000000e+00
0, 93, 0.000000e+00
0, 94, 0.000000e+00
0, 95, 0.000000e+00
0, 96, 0.000000e+00
0, 97, 0.000000e+00
0, 98, 0.000000e+00
0, 99, 0.000000e+00
0, 100, 0.000000e+00
0, 101, 0.000000e+00
0, 102, 0.000000e+00
0, 103, 0.000000e+00
1, 0, 0.000000e+00
1, 1, 1.000000e+12
1, 2, 0.000000e+00
1, 3, 0.000000e+00
1, 4, 0.000000e+00
1, 5, 0.000000e+00
1, 6, 0.000000e+00
1, 7, 0.000000e+00
1, 8, 0.000000e+00
1, 9, 0.000000e+00
1, 10, 0.000000e+00
1, 11, 0.000000e+00
1, 12, 0.000000e+00
1, 13, 0.000000e+00
1, 14, 0.000000e+00
1, 15, 0.000000e+00
1, 16, 0.000000e+00
1, 17, 0.000000e+00
1, 18, 0.000000e+00
1, 19, 0.000000e+00
1, 20, 0.000000e+00
1, 21, 0.000000e+00
1, 22, 0.000000e+00
1, 23, 0.000000e+00
1, 24, 0.000000e+00
1, 25, 0.000000e+00
1, 26, 0.000000e+00
1, 27, 0.000000e+00
1, 28, 0.000000e+00
1, 29, 0.000000e+00
1, 30, 0.000000e+00
1, 31, 0.000000e+00
1, 32, 0.000000e+00
1, 33, 0.000000e+00
1, 34, 0.000000e+00
1, 35, 0.000000e+00
1, 36, 0.000000e+00
1, 37, 0.000000e+00
1, 38, 0.000000e+00
1, 39, 0.000000e+00
1, 40, 0.000000e+00
1, 41, 0.000000e+00
1, 42, 0.000000e+00
1, 43, 0.000000e+00
1, 44, 0.000000e+00
1, 45, 0.000000e+00
1, 46, 0.000000e+00
1, 47, 0.000000e+00
1, 48, 0.000000e+00
1, 49, 0.000000e+00
1, 50, 0.000000e+00
1, 51, 0.000000e+00
1, 52, 0.000000e+00
1, 53, 0.000000e+00
1, 54, 0.000000e+00
1, 55, 0.000000e+00
1, 56, 0.000000e+00
1, 57, 0.000000e+00
1, 58, 0.000000e+00
1, 59, 0.000000e+00
1, 60, 0.000000e+00
1, 61, 0.000000e+00
1, 62, 0.000000e+00
1, 63, 0.000000e+00
1, 64, 0.000000e+00
1, 65, 0.000000e+00
1, 66, 0.000000e+00
1, 67, 0.000000e+00
1, 68, 0.000000e+00
1, 69, 0.000000e+00
1, 70, 0.000000e+00
1, 71, 0.000000e+00
1, 72, 0.000000e+00
1, 73, 0.000000e+00
1, 74, 0.000000e+00
1, 75, 0.000000e+00
1, 76, 0.000000e+00
1, 77, 0.000000e+00
1, 78, 0.000000e+00
1, 79, 0.000000e+00
1, 80, 0.000000e+00
1, 81, 0.000000e+00
1, 82, 0.000000e+00
1, 83, 0.000000e+00
1, 84, 0.000000e+00
1, 85, 0.000000e+00
1, 86, 0.000000e+00
1, 87, 0.000000e+00
1, 88, 0.000000e+00
1, 89, 0.000000e+00
1, 90, 0.000000e+00
1, 91, 0.000000e+00
1, 92, 0.000000e+00
1, 93, 0.000000e+00
1, 94, 0.000000e+00
1, 95, 0.000000e+00
1, 96, 0.000000e+00
1, 97, 0.000000e+00
1, 98, 0.000000e+00
1, 99, 0.000000e+00
1, 100, 0.000000e+00
1, 101, 0.000000e+00
1, 102, 0.000000e+00
1, 103, 0.000000e+00
2, 0, 0.000000e+00
2, 1, 0.000000e+00
2, 2, 1.000000e+12
2, 3, 0.000000e+00
2, 4, 0.000000e+00
2, 5, 0.000000e+00
2, 6, 0.000000e+00
2, 7, 0.000000e+00
2, 8, 0.000000e+00
2, 9, 0.000000e+00
2, 10, 0.000000e+00
2, 11, 0.000000e+00
2, 12, 0.000000e+00
2, 13, 0.000000e+00
2, 14, 0.000000e+00
2, 15, 0.000000e+00
2, 16, 0.000000e+00
2, 17, 0.000000e+00
2, 18, 0.000000e+00
2, 19, 0.000000e+00
2, 20, 0.000000e+00
2, 21, 0.000000e+00
2, 22, 0.000000e+00
2, 23, 0.000000e+00
2, 24, 0.000000e+00
2, 25, 0.000000e+00
2, 26, 0.000000e+00
2, 27, 0.000000e+00
2, 28, 0.000000e+00
2, 29, 0.000000e+00
2, 30, 0.000000e+00
2, 31, 0.000000e+00
2, 32, 0.000000e+00
2, 33, 0.000000e+00
2, 34, 0.000000e+00
2, 35, 0.000000e+00
2, 36, 0.000000e+00
2, 37, 0.000000e+00
2, 38, 0.000000e+00
2, 39, 0.000000e+00
2, 40, 0.000000e+00
2, 41, 0.000000e+00
2, 42, 0.000000e+00
2, 43, 0.000000e+00
2, 44, 0.000000e+00
2, 45, 0.000000e+00
2, 46, 0.000000e+00
2, 47, 0.000000e+00
2, 48, 0.000000e+00
2, 49, 0.000000e+00
2, 50, 0.000000e+00
2, 51, 0.000000e+00
2, 52, 0.000000e+00
2, 53, 0.000000e+00
2, 54, 0.000000e+00
2, 55, 0.000000e+00
2, 56, 0.000000e+00
2, 57, 0.000000e+00
2, 58, 0.000000e+00
2, 59, 0.000000e+00
2, 60, 0.000000e+00
2, 61, 0.000000e+00
2, 62, 0.000000e+00
2, 63, 0.000000e+00
2, 64, 0.000000e+00
2, 65, 0.000000e+00
2, 66, 0.000000e+00
2, 67, 0.000000e+00
2, 68, 0.000000e+00
2, 69, 0.000000e+00
2, 70, 0.000000e+00
2, 71, 0.000000e+00
2, 72, 0.000000e+00
2, 73, 0.000000e+00
2, 74, 0.000000e+00
2, 75, 0.000000e+00
2, 76, 0.000000e+00
2, 77, 0.000000e+00
2, 78, 0.000000e+00
2, 79, 0.000000e+00
2, 80, 0.000000e+00
2, 81, 0.000000e+00
2, 82, 0.000000e+00
2, 83, 0.000000e+00
2, 84, 0.000000e+00
2, 85, 0.000000e+00
2, 86, 0.000000e+00
2, 87, 0.000000e+00
2, 88, 0.000000e+00
2, 89, 0.000000e+00
2, 90, 0.000000e+00
2, 91, 0.000000e+00
2, 92, 0.000000e+00
2, 93, 0.000000e+00
2, 94, 0.000000e+00
2, 95, 0.000000e+00
2, 96, 0.000000e+00
2, 97, 0.000000e+00
2, 98, 0.000000e+00
2, 99, 0.000000e+00
2, 100, 0.000000e+00
2, 101, 0.000000e+00
2, 102, 0.000000e+00
2, 103, 0.000000e+00
3, 0, 0.000000e+00
3, 1, 0.000000e+00
3, 2, 0.000000e+00
3, 3, 1.000000e+12
3, 4, 0.000000e+00
3, 5, 0.000000e+00
3, 6, 0.000000e+00
3, 7, 0.000000e+00
3, 8, 0.000000e+00
3, 9, 0.000000e+00
3, 10, 0.000000e+00
3, 11, 0.000000e+00
3, 12, 0.000000e+00
3, 13, 0.000000e+00
3, 14, 0.000000e+00
3, 15, 0.000000e+00
3, 16, 0.000000e+00
3, 17, 0.000000e+00
3, 18, 0.000000e+00
3, 19, 0.000000e+00
3, 20, 0.000000e+00
3, 21, 0.000000e+00
3, 22, 0.000000e+00
3, 23, 0.000000e+00
3, 24, 0.000000e+00
3, 25, 0.000000e+00
3, 26, 0.000000e+00
3, 27, 0.000000e+00
3, 28, 0.000000e+00
3, 29, 0.000000e+00
3, 30, 0.000000e+00
3, 31, 0.000000e+00
3, 32, 0.000000e+00
3, 33, 0.000000e+00
3, 34, 0.000000e+00
3, 35, 0.000000e+00
3, 36, 0.000000e+00
3, 37, 0.000000e+00
3, 38, 0.000000e+00
3, 39, 0.000000e+00
3, 40, 0.000000e+00
3, 41, 0.000000e+00
3, 42, 0.000000e+00
3, 43, 0.000000e+00
3, 44, 0.000000e+00
3, 45, 0.000000e+00
3, 46, 0.000000e+00
3, 47, 0.000000e+00
3, 48, 0.000000e+00
3, 49, 0.000000e+00
3, 50, 0.000000e+00
3, 51, 0.000000e+00
3, 52, 0.000000e+00
3, 53, 0.000000e+00
3, 54, 0.000000e+00
3, 55, 0.000000e+00
3, 56, 0.000000e+00
3, 57, 0.000000e+00
3, 58, 0.000000e+00
3, 59, 0.000000e+00
3, 60, 0.000000e+00
3, 61, 0.000000e+00
3, 62, 0.000000e+00
3, 63, 0.000000e+00
3, 64, 0.000000e+00
3, 65, 0.000000e+00
3, 66, 0.000000e+00
3, 67, 0.000000e+00
3, 68, 0.000000e+00
3, 69, 0.000000e+00
3, 70, 0.000000e+00
3, 71, 0.000000e+00
3, 72, 0.000000e+00
3, 73, 0.000000e+00
3, 74, 0.000000e+00
3, 75, 0.000000e+00
3, 76, 0.000000e+00
3, 77, 0.000000e+00
3, 78, 0.000000e+00
3, 79, 0.000000e+00
3, 80, 0.000000e+00
3, 81, 0.000000e+00
3, 82, 0.000000e+00
3, 83, 0.000000e+00
3, 84, 0.000000e+00
3, 85, 0.000000e+00
3, 86, 0.000000e+00
3, 87, 0.000000e+00
3, 88, 0.000000e+00
3, 89, 0.000000e+00
3, 90, 0.000000e+00
3, 91, 0.000000e+00
3, 92, 0.000000e+00
3, 93, 0.000000e+00
3, 94, 0.000000e+00
3, 95, 0.000000e+00
3, 96, 0.000000e+00
3, 97, 0.000000e+00
3, 98, 0.000000e+00
3, 99, 0.000000e+00
3, 100, 0.000000e+00
3, 101, 0.000000e+00
3, 102, 0.000000e+00
3, 103, 0.000000e+00
4, 0, 0.000000e+00
4, 1, 0.000000e+00
4, 2, 0.000000e+00
4, 3, 0.000000e+00
4, 4, 1.000000e+12
4, 5, 0.000000e+00
4, 6, 0.000000e+00
4, 7, 0.000000e+00
4, 8, 0.000000e+00
4, 9, 0.000000e+00
4, 10, 0.000000e+00
4, 11, 0.000000e+00
4, 12, 0.000000e+00
4, 13, 0.000000e+00
4, 14, 0.000000e+00
4, 15, 0.000000e+00
4, 16, 0.000000e+00
4, 17, 0.000000e+00
4, 18, 0.000000e+00
4, 19, 0.000000e+00
4, 20, 0.000000e+00
4, 21, 0.000000e+00
4, 22, 0.000000e+00
4, 23, 0.000000e+00
4, 24, 0.000000e+00
4, 25, 0.000000e+00
4, 26, 0.000000e+00
4, 27, 0.000000e+00
4, 28, 0.000000e+00
4, 29, 0.000000e+00
4, 30, 0.000000e+00
4, 31, 0.000000e+00
4, 32, 0.000000e+00
4, 33, 0.000000e+00
4, 34, 0.000000e+00
4, 35, 0.000000e+00
4, 36, 0.000000e+00
4, 37, 0.000000e+00
4, 38, 0.000000e+00
4, 39, 0.000000e+00
4, 40, 0.000000e+00
4, 41, 0.000000e+00
4, 42, 0.000000e+00
4, 43, 0.000000e+00
4, 44, 0.000000e+00
4, 45, 0.000000e+00
4, 46, 0.000000e+00
4, 47, 0.000000e+00
4, 48, 0.000000e+00
4, 49, 0.000000e+00
4, 50, 0.000000e+00
4, 51, 0.000000e+00
4, 52, 0.000000e+00
4, 53, 0.000000e+00
4, 54, 0.000000e+00
4, 55, 0.000000e+00
4, 56, 0.000000e+00
4, 57, 0.000000e+00
4, 58, 0.000000e+00
4, 59, 0.000000e+00
4, 60, 0.000000e+00
4, 61, 0.000000e+00
4, 62, 0.000000e+00
4, 63, 0.000000e+00
4, 64, 0.000000e+00
4, 65, 0.000000e+00
4, 66, 0.000000e+00
4, 67, 0.000000e+00
4, 68, 0.000000e+00
4, 69, 0.000000e+00
4, 70, 0.000000e+00
4, 71, 0.000000e+00
4, 72, 0.000000e+00
4, 73, 0.000000e+00
4, 74, 0.000000e+00
4, 75, 0.000000e+00
4, 76, 0.000000e+00
4, 77, 0.000000e+00
4, 78, 0.000000e+00
4, 79, 0.000000e+00
4, 80, 0.000000e+00
4, 81, 0.000000e+00
4, 82, 0.000000e+00
4, 83, 0.000000e+00
4, 84, 0.000000e+00
4, 85, 0.000000e+00
4, 86, 0.000000e+00
4, 87, 0.000000e+00
4, 88, 0.000000e+00
4, 89, 0.000000e+00
4, 90, 0.000000e+00
4, 91, 0.000000e+00
4, 92, 0.000000e+00
4, 93, 0.000000e+00
4, 94, 0.000000e+00
4, 95, 0.000000e+00
4, 96, 0.000000e+00
4, 97, 0.000000e+00
4, 98, 0.000000e+00
4, 99, 0.000000e+00
4, 100, 0.000000e+00
4, 101, 0.000000e+00
4, 102, 0.000000e+00
4, 103, 0.000000e+00
5, 0, 0.000000e+00
5, 1, 0.000000e+00
5, 2, 0.000000e+00
5, 3, 0.000000e+00
5, 4, 0.000000e+00
5, 5, 1.000000e+12
5, 6, 0.000000e+00
5, 7, 0.000000e+00
5, 8, 0.000000e+00
5, 9, 0.000000e+00
5, 10, 0.000000e+00
5, 11, 0.000000e+00
5, 12, 0.000000e+00
5, 13, 0.000000e+00
5, 14, 0.000000e+00
5, 15, 0.000000e+00
5, 16, 0.000000e+00
5, 17, 0.000000e+00
5, 18, 0.000000e+00
5, 19, 0.000000e+00
5, 20, 0.000000e+00
5, 21, 0.000000e+00
5, 22, 0.000000e+00
5, 23, 0.000000e+00
5, 24, 0.000000e+00
5, 25, 0.000000e+00
5, 26, 0.000000e+00
5, 27, 0.000000e+00
5, 28, 0.000000e+00
5, 29, 0.000000e+00
5, 30, 0.000000e+00
5, 31, 0.000000e+00
5, 32, 0.000000e+00
5, 33, 0.000000e+00
5, 34, 0.000000e+00
5, 35, 0.000000e+00
5, 36, 0.000000e+00
5, 37, 0.000000e+00
5, 38, 0.000000e+00
5, 39, 0.000000e+00
5, 40, 0.000000e+00
5, 41, 0.000000e+00
5, 42, 0.000000e+00
5, 43, 0.000000e+00
5, 44, 0.000000e+00
5, 45, 0.000000e+00
5, 46, 0.000000e+00
5, 47, 0.000000e+00
5, 48, 0.000000e+00
5, 49, 0.000000e+00
5, 50, 0.000000e+00
5, 51, 0.000000e+00
5, 52, 0.000000e+00
5, 53, 0.000000e+00
5, 54, 0.000000e+00
5, 55, 0.000000e+00
5, 56, 0.000000e+00
5, 57, 0.000000e+00
5, 58, 0.000000e+00
5, 59, 0.000000e+00
5, 60, 0.000000e+00
5, 61, 0.000000e+00
5, 62, 0.000000e+00
5, 63, 0.000000e+00
5, 64, 0.000000e+00
5, 65, 0.000000e+00
5, 66, 0.000000e+00
5, 67, 0.000000e+00
5, 68, 0.000000e+00
5, 69, 0.000000e+00
5, 70, 0.000000e+00
5, 71, 0.000000e+00
5, 72, 0.000000e+00
5, 73, 0.000000e+00
5, 74, 0.000000e+00
5, 75, 0.000000e+00
5, 76, 0.000000e+00
5, 77, 0.000000e+00
5, 78, 0.000000e+00
5, 79, 0.000000e+00
5, 80, 0.000000e+00
5, 81, 0.000000e+00
5, 82, 0.000000e+00
5, 83, 0.000000e+00
5, 84, 0.000000e+00
5, 85, 0.000000e+00
5, 86, 0.000000e+00
5, 87, 0.000000e+00
5, 88, 0.000000e+00
5, 89, 0.000000e+00
5, 90, 0.000000e+00
5, 91, 0.000000e+00
5, 92, 0.000000e+00
5, 93, 0.000000e+00
5, 94, 0.000000e+00
5, 95, 0.000000e+00
5, 96, 0.000000e+00
5, 97, 0.000000e+00
5, 98, 0.000000e+00
5, 99, 0.000000e+00
5, 100, 0.000000e+00
5, 101, 0.000000e+00
5, 102, 0.000000e+00
5, 103, 0.000000e+00
6, 0, 0.000000e+00
6, 1, 0.000000e+00
6, 2, 0.000000e+00
6, 3, 0.000000e+00
6, 4, 0.000000e+00
6, 5, 0.000000e+00
6, 6, 8.490100e+07
6, 8, -4.115100e+07
7, 0, 0.000000e+00
7, 1, 0.000000e+00
7, 2, 0.000000e+00
7, 3, 0.000000e+00
7, 4, 0.000000e+00
7, 5, 0.000000e+00
7, 7, 9.054315e+09
7, 9, -4.665743e+09
8, 0, 0.000000e+00
8, 1, 0.000000e+00
8, 2, 0.000000e+00
8, 3, 0.000000e+00
8, 4, 0.000000e+00
8, 5, 0.000000e+00
8, 6, -4.115100e+07
8, 8, 7.985900e+07
8, 10, -3.870800e+07
9, 0, 0.000000e+00
9, 1, 0.000000e+00
9, 2, 0.000000e+00
9, 3, 0.000000e+00
9, 4, 0.000000e+00
9, 5, 0.000000e+00
9, 7, -4.665743e+09
9, 9, 9.625958e+09
9, 11, -4.960215e+09
10, 0, 0.000000e+00
10, 1, 0.000000e+00
10, 2, 0.000000e+00
10, 3, 0.000000e+00
10, 4, 0.000000e+00
10, 5, 0.000000e+00
10, 8, -3.870800e+07
10, 10, 7.511700e+07
10, 12, -3.640900e+07
11, 0, 0.000000e+00
11, 1, 0.000000e+00
11, 2, 0.000000e+00
11, 3, 0.000000e+00
11, 4, 0.000000e+00
11, 5, 0.000000e+00
11, 9, -4.960215e+09
11, 11, 1.023364e+10
11, 13, -5.273421e+09
12, 0, 0.000000e+00
12, 1, 0.000000e+00
12, 2, 0.000000e+00
12, 3, 0.000000e+00
12, 4, 0.000000e+00
12, 5, 0.000000e+00
12, 10, -3.640900e+07
12, 12, 7.065500e+07
12, 14, -3.424600e+07
13, 0, 0.000000e+00
13, 1, 0.000000e+00
13, 2, 0.000000e+00
13, 3, 0.000000e+00
13, 4, 0.000000e+00
13, 5, 0.000000e+00
13, 11, -5.273421e+09
13, 13, 1.087992e+10
13, 15, -5.606494e+09
14, 0, 0.000000e+00
14, 1, 0.000000e+00
14, 2, 0.000000e+00
14, 3, 0.000000e+00
14, 4, 0.000000e+00
14, 5, 0.000000e+00
14, 12, -3.424600e+07
14, 14, 6.645900e+07
14, 16, -3.221300e+07
15, 0, 0.000000e+00
15, 1, 0.000000e+00
15, 2, 0.000000e+00
15, 3, 0.000000e+00
15, 4, 0.000000e+00
15, 5, 0.000000e+00
15, 13, -5.606494e+09
15, 15, 1.156682e+10
15, 17, -5.960327e+09
16, 0, 0.000000e+00
16, 1, 0.000000e+00
16, 2, 0.000000e+00
16, 3, 0.000000e+00
16, 4, 0.000000e+00
16, 5, 0.000000e+00
16, 14, -3.221300e+07
16, 16, 6.251300e+07
16, 18, -3.030000e+07
17, 0, 0.000000e+00
17, 1, 0.000000e+00
17, 2, 0.000000e+00
17, 3, 0.000000e+00
17, 4, 0.000000e+00
17, 5, 0.000000e+00
17, 15, -5.960327e+09
17, 17, 1.229696e+10
17, 19, -6.336634e+09
18, 0, 0.000000e+00
18, 1, 0.000000e+00
18, 2, 0.000000e+00
18, 3, 0.000000e+00
18, 4, 0.000000e+00
18, 5, 0.000000e+00
18, 16, -3.030000e+07
18, 18, 5.880000e+07
18, 20, -2.850000e+07
19, 0, 0.000000e+00
19, 1, 0.000000e+00
19, 2, 0.000000e+00
19, 3, 0.000000e+00
19, 4, 0.000000e+00
19, 5, 0.000000e+00
19, 17, -6.336634e+09
19, 19, 1.307348e+10
19, 21, -6.736842e+09
20, 0, 0.000000e+00
20, 1, 0.000000e+00
20, 2, 0.000000e+00
20, 3, 0.000000e+00
20, 4, 0.000000e+00
20, 5, 0.000000e+00
20, 18, -2.850000e+07
20, 20, 5.530800e+07
20, 22, -2.680800e+07
21, 0, 0.000000e+00
21, 1, 0.000000e+00
21, 2, 0.000000e+00
21, 3, 0.000000e+00
21, 4, 0.000000e+00
21, 5, 0.000000e+00
21, 19, -6.736842e+09
21, 21, 1.389888e+10
21, 23, -7.162041e+09
22, 0, 0.000000e+00
22, 1, 0.000000e+00
22, 2, 0.000000e+00
22, 3, 0.000000e+00
22, 4, 0.000000e+00
22, 5, 0.000000e+00
22, 20, -2.680800e+07
22, 22, 5.202300e+07
22, 24, -2.521500e+07
23, 0, 0.000000e+00
23, 1, 0.000000e+00
23, 2, 0.000000e+00
23, 3, 0.000000e+00
23, 4, 0.000000e+00
23, 5, 0.000000e+00
23, 21, -7.162041e+09
23, 23, 1.477656e+10
23, 25, -7.614515e+09
24, 0, 0.000000e+00
24, 1, 0.000000e+00
24, 2, 0.000000e+00
24, 3, 0.000000e+00
24, 4, 0.000000e+00
24, 5, 0.000000e+00
24, 22, -2.521500e+07
24, 24, 4.893400e+07
24, 26, -2.371900e+07
25, 0, 0.000000e+00
25, 1, 0.000000e+00
25, 2, 0.000000e+00
25, 3, 0.000000e+00
25, 4, 0.000000e+00
25, 5, 0.000000e+00
25, 23, -7.614515e+09
25, 25, 1.570929e+10
25, 27, -8.094776e+09
26, 0, 0.000000e+00
26, 1, 0.000000e+00
26, 2, 0.000000e+00
26, 3, 0.000000e+00
26, 4, 0.000000e+00
26, 5, 0.000000e+00
26, 24, -2.371900e+07
26, 26, 4.602800e+07
26, 28, -2.230900e+07
27, 0, 0.000000e+00
27, 1, 0.000000e+00
27, 2, 0.000000e+00
27, 3, 0.000000e+00
27, 4, 0.000000e+00
27, 5, 0.000000e+00
27, 25, -8.094776e+09
27, 27, 1.670117e+10
27, 29, -8.606392e+09
28, 0, 0.000000e+00
28, 1, 0.000000e+00
28, 2, 0.000000e+00
28, 3, 0.000000e+00
28, 4, 0.000000e+00
28, 5, 0.000000e+00
28, 26, -2.230900e+07
28, 28, 4.329400e+07
28, 30, -2.098500e+07
29, 0, 0.000000e+00
29, 1, 0.000000e+00
29, 2, 0.000000e+00
29, 3, 0.000000e+00
29, 4, 0.000000e+00
29, 5, 0.000000e+00
29, 27, -8.606392e+09
29, 29, 1.775578e+10
29, 31, -9.149392e+09
30, 0, 0.000000e+00
30, 1, 0.000000e+00
30, 2, 0.000000e+00
30, 3, 0.000000e+00
30, 4, 0.000000e+00
30, 5, 0.000000e+00
30, 28, -2.098500e+07
30, 30, 4.072300e+07
30, 32, -1.973800e+07
31, 0, 0.000000e+00
31, 1, 0.000000e+00
31, 2, 0.000000e+00
31, 3, 0.000000e+00
31, 4, 0.000000e+00
31, 5, 0.000000e+00
31, 29, -9.149392e+09
31, 31, 1.887682e+10
31, 33, -9.727429e+09
32, 0, 0.000000e+00
32, 1, 0.000000e+00
32, 2, 0.000000e+00
32, 3, 0.000000e+00
32, 4, 0.000000e+00
32, 5, 0.000000e+00
32, 30, -1.973800e+07
32, 32, 3.830400e+07
32, 34, -1.856600e+07
33, 0, 0.000000e+00
33, 1, 0.000000e+00
33, 2, 0.000000e+00
33, 3, 0.000000e+00
33, 4, 0.000000e+00
33, 5, 0.000000e+00
33, 31, -9.727429e+09
33, 33, 2.006891e+10
33, 35, -1.034148e+10
34, 0, 0.000000e+00
34, 1, 0.000000e+00
34, 2, 0.000000e+00
34, 3, 0.000000e+00
34, 4, 0.000000e+00
34, 5, 0.000000e+00
34, 32, -1.856600e+07
34, 34, 3.603000e+07
34, 36, -1.746400e+07
35, 0, 0.000000e+00
35, 1, 0.000000e+00
35, 2, 0.000000e+00
35, 3, 0.000000e+00
35, 4, 0.000000e+00
35, 5, 0.000000e+00
35, 33, -1.034148e+10
35, 35, 2.133553e+10
35, 37, -1.099404e+10
36, 0, 0.000000e+00
36, 1, 0.000000e+00
36, 2, 0.000000e+00
36, 3, 0.000000e+00
36, 4, 0.000000e+00
36, 5, 0.000000e+00
36, 34, -1.746400e+07
36, 36, 3.389100e+07
36, 38, -1.642700e+07
37, 0, 0.000000e+00
37, 1, 0.000000e+00
37, 2, 0.000000e+00
37, 3, 0.000000e+00
37, 4, 0.000000e+00
37, 5, 0.000000e+00
37, 35, -1.099404e+10
37, 37, 2.268212e+10
37, 39, -1.168807e+10
38, 0, 0.000000e+00
38, 1, 0.000000e+00
38, 2, 0.000000e+00
38, 3, 0.000000e+00
38, 4, 0.000000e+00
38, 5, 0.000000e+00
38, 36, -1.642700e+07
38, 38, 3.187700e+07
38, 40, -1.545000e+07
39, 0, 0.000000e+00
39, 1, 0.000000e+00
39, 2, 0.000000e+00
39, 3, 0.000000e+00
39, 4, 0.000000e+00
39, 5, 0.000000e+00
39, 37, -1.168807e+10
39, 39, 2.411526e+10
39, 41, -1.242718e+10
40, 0, 0.000000e+00
40, 1, 0.000000e+00
40, 2, 0.000000e+00
40, 3, 0.000000e+00
40, 4, 0.000000e+00
40, 5, 0.000000e+00
40, 38, -1.545000e+07
40, 40, 2.998400e+07
40, 42, -1.453400e+07
41, 0, 0.000000e+00
41, 1, 0.000000e+00
41, 2, 0.000000e+00
41, 3, 0.000000e+00
41, 4, 0.000000e+00
41, 5, 0.000000e+00
41, 39, -1.242718e+10
41, 41, 2.563759e+10
41, 43, -1.321040e+10
42, 0, 0.000000e+00
42, 1, 0.000000e+00
42, 2, 0.000000e+00
42, 3, 0.000000e+00
42, 4, 0.000000e+00
42, 5, 0.000000e+00
42, 40, -1.453400e+07
42, 42, 2.820400e+07
42, 44, -1.367000e+07
43, 0, 0.000000e+00
43, 1, 0.000000e+00
43, 2, 0.000000e+00
43, 3, 0.000000e+00
43, 4, 0.000000e+00
43, 5, 0.000000e+00
43, 41, -1.321040e+10
43, 43, 2.725576e+10
43, 45, -1.404535e+10
44, 0, 0.000000e+00
44, 1, 0.000000e+00
44, 2, 0.000000e+00
44, 3, 0.000000e+00
44, 4, 0.000000e+00
44, 5, 0.000000e+00
44, 42, -1.367000e+07
44, 44, 2.652800e+07
44, 46, -1.285800e+07
45, 0, 0.000000e+00
45, 1, 0.000000e+00
45, 2, 0.000000e+00
45, 3, 0.000000e+00
45, 4, 0.000000e+00
45, 5, 0.000000e+00
45, 43, -1.404535e+10
45, 45, 2.897769e+10
45, 47, -1.493234e+10
46, 0, 0.000000e+00
46, 1, 0.000000e+00
46, 2, 0.000000e+00
46, 3, 0.000000e+00
46, 4, 0.000000e+00
46, 5, 0.000000e+00
46, 44, -1.285800e+07
46, 46, 2.495300e+07
46, 48, -1.209500e+07
47, 0, 0.000000e+00
47, 1, 0.000000e+00
47, 2, 0.000000e+00
47, 3, 0.000000e+00
47, 4, 0.000000e+00
47, 5, 0.000000e+00
47, 45, -1.493234e+10
47, 47, 3.080667e+10
47, 49, -1.587433e+10
48, 0, 0.000000e+00
48, 1, 0.000000e+00
48, 2, 0.000000e+00
48, 3, 0.000000e+00
48, 4, 0.000000e+00
48, 5, 0.000000e+00
48, 46, -1.209500e+07
48, 48, 2.347200e+07
48, 50, -1.137700e+07
49, 0, 0.000000e+00
49, 1, 0.000000e+00
49, 2, 0.000000e+00
49, 3, 0.000000e+00
49, 4, 0.000000e+00
49, 5, 0.000000e+00
49, 47, -1.587433e+10
49, 49, 3.275048e+10
49, 51, -1.687615e+10
50, 0, 0.000000e+00
50, 1, 0.000000e+00
50, 2, 0.000000e+00
50, 3, 0.000000e+00
50, 4, 0.000000e+00
50, 5, 0.000000e+00
50, 48, -1.137700e+07
50, 50, 2.207700e+07
50, 52, -1.070000e+07
51, 0, 0.000000e+00
51, 1, 0.000000e+00
51, 2, 0.000000e+00
51, 3, 0.000000e+00
51, 4, 0.000000e+00
51, 5, 0.000000e+00
51, 49, -1.687615e+10
51, 51, 3.482008e+10
51, 53, -1.794393e+10
52, 0, 0.000000e+00
52, 1, 0.000000e+00
52, 2, 0.000000e+00
52, 3, 0.000000e+00
52, 4, 0.000000e+00
52, 5, 0.000000e+00
52, 50, -1.070000e+07
52, 52, 2.076600e+07
52, 54, -1.006600e+07
53, 0, 0.000000e+00
53, 1, 0.000000e+00
53, 2, 0.000000e+00
53, 3, 0.000000e+00
53, 4, 0.000000e+00
53, 5, 0.000000e+00
53, 51, -1.794393e+10
53, 53, 3.701804e+10
53, 55, -1.907411e+10
54, 0, 0.000000e+00
54, 1, 0.000000e+00
54, 2, 0.000000e+00
54, 3, 0.000000e+00
54, 4, 0.000000e+00
54, 5, 0.000000e+00
54, 52, -1.006600e+07
54, 54, 1.953300e+07
54, 56, -9.467000e+06
55, 0, 0.000000e+00
55, 1, 0.000000e+00
55, 2, 0.000000e+00
55, 3, 0.000000e+00
55, 4, 0.000000e+00
55, 5, 0.000000e+00
55, 53, -1.907411e+10
55, 55, 3.935509e+10
55, 57, -2.028098e+10
56, 0, 0.000000e+00
56, 1, 0.000000e+00
56, 2, 0.000000e+00
56, 3, 0.000000e+00
56, 4, 0.000000e+00
56, 5, 0.000000e+00
56, 54, -9.467000e+06
56, 56, 1.837300e+07
56, 58, -8.906000e+06
57, 0, 0.000000e+00
57, 1, 0.000000e+00
57, 2, 0.000000e+00
57, 3, 0.000000e+00
57, 4, 0.000000e+00
57, 5, 0.000000e+00
57, 55, -2.028098e+10
57, 57, 4.183948e+10
57, 59, -2.155850e+10
58, 0, 0.000000e+00
58, 1, 0.000000e+00
58, 2, 0.000000e+00
58, 3, 0.000000e+00
58, 4, 0.000000e+00
58, 5, 0.000000e+00
58, 56, -8.906000e+06
58, 58, 1.728200e+07
58, 60, -8.376000e+06
59, 0, 0.000000e+00
59, 1, 0.000000e+00
59, 2, 0.000000e+00
59, 3, 0.000000e+00
59, 4, 0.000000e+00
59, 5, 0.000000e+00
59, 57, -2.155850e+10
59, 59, 4.448114e+10
59, 61, -2.292264e+10
60, 0, 0.000000e+00
60, 1, 0.000000e+00
60, 2, 0.000000e+00
60, 3, 0.000000e+00
60, 4, 0.000000e+00
60, 5, 0.000000e+00
60, 58, -8.376000e+06
60, 60, 1.625500e+07
60, 62, -7.879000e+06
61, 0, 0.000000e+00
61, 1, 0.000000e+00
61, 2, 0.000000e+00
61, 3, 0.000000e+00
61, 4, 0.000000e+00
61, 5, 0.000000e+00
61, 59, -2.292264e+10
61, 61, 4.729121e+10
61, 63, -2.436857e+10
62, 0, 0.000000e+00
62, 1, 0.000000e+00
62, 2, 0.000000e+00
62, 3, 0.000000e+00
62, 4, 0.000000e+00
62, 5, 0.000000e+00
62, 60, -7.879000e+06
62, 62, 1.529000e+07
62, 64, -7.411000e+06
63, 0, 0.000000e+00
63, 1, 0.000000e+00
63, 2, 0.000000e+00
63, 3, 0.000000e+00
63, 4, 0.000000e+00
63, 5, 0.000000e+00
63, 61, -2.436857e+10
63, 63, 5.027601e+10
63, 65, -2.590743e+10
64, 0, 0.000000e+00
64, 1, 0.000000e+00
64, 2, 0.000000e+00
64, 3, 0.000000e+00
64, 4, 0.000000e+00
64, 5, 0.000000e+00
64, 62, -7.411000e+06
64, 64, 1.438200e+07
64, 66, -6.971000e+06
65, 0, 0.000000e+00
65, 1, 0.000000e+00
65, 2, 0.000000e+00
65, 3, 0.000000e+00
65, 4, 0.000000e+00
65, 5, 0.000000e+00
65, 63, -2.590743e+10
65, 65, 5.345011e+10
65, 67, -2.754268e+10
66, 0, 0.000000e+00
66, 1, 0.000000e+00
66, 2, 0.000000e+00
66, 3, 0.000000e+00
66, 4, 0.000000e+00
66, 5, 0.000000e+00
66, 64, -6.971000e+06
66, 66, 1.352800e+07
66, 68, -6.557000e+06
67, 0, 0.000000e+00
67, 1, 0.000000e+00
67, 2, 0.000000e+00
67, 3, 0.000000e+00
67, 4, 0.000000e+00
67, 5, 0.000000e+00
67, 65, -2.754268e+10
67, 67, 5.682436e+10
67, 69, -2.928168e+10
68, 0, 0.000000e+00
68, 1, 0.000000e+00
68, 2, 0.000000e+00
68, 3, 0.000000e+00
68, 4, 0.000000e+00
68, 5, 0.000000e+00
68, 66, -6.557000e+06
68, 68, 1.272500e+07
68, 70, -6.168000e+06
69, 0, 0.000000e+00
69, 1, 0.000000e+00
69, 2, 0.000000e+00
69, 3, 0.000000e+00
69, 4, 0.000000e+00
69, 5, 0.000000e+00
69, 67, -2.928168e+10
69, 69, 6.041009e+10
69, 71, -3.112840e+10
70, 0, 0.000000e+00
70, 1, 0.000000e+00
70, 2, 0.000000e+00
70, 3, 0.000000e+00
70, 4, 0.000000e+00
70, 5, 0.000000e+00
70, 68, -6.168000e+06
70, 70, 1.196900e+07
70, 72, -5.801000e+06
71, 0, 0.000000e+00
71, 1, 0.000000e+00
71, 2, 0.000000e+00
71, 3, 0.000000e+00
71, 4, 0.000000e+00
71, 5, 0.000000e+00
71, 69, -3.112840e+10
71, 71, 6.422615e+10
71, 73, -3.309774e+10
72, 0, 0.000000e+00
72, 1, 0.000000e+00
72, 2, 0.000000e+00
72, 3, 0.000000e+00
72, 4, 0.000000e+00
72, 5, 0.000000e+00
72, 70, -5.801000e+06
72, 72, 1.125800e+07
72, 74, -5.457000e+06
73, 0, 0.000000e+00
73, 1, 0.000000e+00
73, 2, 0.000000e+00
73, 3, 0.000000e+00
73, 4, 0.000000e+00
73, 5, 0.000000e+00
73, 71, -3.309774e+10
73, 73, 6.828191e+10
73, 75, -3.518417e+10
74, 0, 0.000000e+00
74, 1, 0.000000e+00
74, 2, 0.000000e+00
74, 3, 0.000000e+00
74, 4, 0.000000e+00
74, 5, 0.000000e+00
74, 72, -5.457000e+06
74, 74, 1.058900e+07
74, 76, -5.132000e+06
75, 0, 0.000000e+00
75, 1, 0.000000e+00
75, 2, 0.000000e+00
75, 3, 0.000000e+00
75, 4, 0.000000e+00
75, 5, 0.000000e+00
75, 73, -3.518417e+10
75, 75, 7.259648e+10
75, 77, -3.741231e+10
76, 0, 0.000000e+00
76, 1, 0.000000e+00
76, 2, 0.000000e+00
76, 3, 0.000000e+00
76, 4, 0.000000e+00
76, 5, 0.000000e+00
76, 74, -5.132000e+06
76, 76, 9.960000e+06
76, 78, -4.828000e+06
77, 0, 0.000000e+00
77, 1, 0.000000e+00
77, 2, 0.000000e+00
77, 3, 0.000000e+00
77, 4, 0.000000e+00
77, 5, 0.000000e+00
77, 75, -3.741231e+10
77, 77, 7.718033e+10
77, 79, -3.976802e+10
78, 0, 0.000000e+00
78, 1, 0.000000e+00
78, 2, 0.000000e+00
78, 3, 0.000000e+00
78, 4, 0.000000e+00
78, 5, 0.000000e+00
78, 76, -4.828000e+06
78, 78, 9.369000e+06
78, 80, -4.541000e+06
79, 0, 0.000000e+00
79, 1, 0.000000e+00
79, 2, 0.000000e+00
79, 3, 0.000000e+00
79, 4, 0.000000e+00
79, 5, 0.000000e+00
79, 77, -3.976802e+10
79, 79, 8.204946e+10
79, 81, -4.228144e+10
80, 0, 0.000000e+00
80, 1, 0.000000e+00
80, 2, 0.000000e+00
80, 3, 0.000000e+00
80, 4, 0.000000e+00
80, 5, 0.000000e+00
80, 78, -4.541000e+06
80, 80, 8.813000e+06
80, 82, -4.272000e+06
81, 0, 0.000000e+00
81, 1, 0.000000e+00
81, 2, 0.000000e+00
81, 3, 0.000000e+00
81, 4, 0.000000e+00
81, 5, 0.000000e+00
81, 79, -4.228144e+10
81, 81, 8.722526e+10
81, 83, -4.494382e+10
82, 0, 0.000000e+00
82, 1, 0.000000e+00
82, 2, 0.000000e+00
82, 3, 0.000000e+00
82, 4, 0.000000e+00
82, 5, 0.000000e+00
82, 80, -4.272000e+06
82, 82, 8.290000e+06
82, 84, -4.018000e+06
83, 0, 0.000000e+00
83, 1, 0.000000e+00
83, 2, 0.000000e+00
83, 3, 0.000000e+00
83, 4, 0.000000e+00
83, 5, 0.000000e+00
83, 81, -4.494382e+10
83, 83, 9.272879e+10
83, 85, -4.778497e+10
84, 0, 0.000000e+00
84, 1, 0.000000e+00
84, 2, 0.000000e+00
84, 3, 0.000000e+00
84, 4, 0.000000e+00
84, 5, 0.000000e+00
84, 82, -4.018000e+06
84, 84, 7.797000e+06
84, 86, -3.779000e+06
85, 0, 0.000000e+00
85, 1, 0.000000e+00
85, 2, 0.000000e+00
85, 3, 0.000000e+00
85, 4, 0.000000e+00
85, 5, 0.000000e+00
85, 83, -4.778497e+10
85, 85, 9.859206e+10
85, 87, -5.080709e+10
86, 0, 0.000000e+00
86, 1, 0.000000e+00
86, 2, 0.000000e+00
86, 3, 0.000000e+00
86, 4, 0.000000e+00
86, 5, 0.000000e+00
86, 84, -3.779000e+06
86, 86, 7.334000e+06
86, 88, -3.555000e+06
87, 0, 0.000000e+00
87, 1, 0.000000e+00
87, 2, 0.000000e+00
87, 3, 0.000000e+00
87, 4, 0.000000e+00
87, 5, 0.000000e+00
87, 85, -5.080709e+10
87, 87, 1.048155e+11
87, 89, -5.400844e+10
88, 0, 0.000000e+00
88, 1, 0.000000e+00
88, 2, 0.000000e+00
88, 3, 0.000000e+00
88, 4, 0.000000e+00
88, 5, 0.000000e+00
88, 86, -3.555000e+06
88, 88, 6.898000e+06
88, 90, -3.343000e+06
89, 0, 0.000000e+00
89, 1, 0.000000e+00
89, 2, 0.000000e+00
89, 3, 0.000000e+00
89, 4, 0.000000e+00
89, 5, 0.000000e+00
89, 87, -5.400844e+10
89, 89, 1.114419e+11
89, 91, -5.743344e+10
90, 0, 0.000000e+00
90, 1, 0.000000e+00
90, 2, 0.000000e+00
90, 3, 0.000000e+00
90, 4, 0.000000e+00
90, 5, 0.000000e+00
90, 88, -3.343000e+06
90, 90, 6.488000e+06
90, 92, -3.145000e+06
91, 0, 0.000000e+00
91, 1, 0.000000e+00
91, 2, 0.000000e+00
91, 3, 0.000000e+00
91, 4, 0.000000e+00
91, 5, 0.000000e+00
91, 89, -5.743344e+10
91, 91, 1.184827e+11
91, 93, -6.104928e+10
92, 0, 0.000000e+00
92, 1, 0.000000e+00
92, 2, 0.000000e+00
92, 3, 0.000000e+00
92, 4, 0.000000e+00
92, 5, 0.000000e+00
92, 90, -3.145000e+06
92, 92, 6.103000e+06
92, 94, -2.958000e+06
93, 0, 0.000000e+00
93, 1, 0.000000e+00
93, 2, 0.000000e+00
93, 3, 0.000000e+00
93, 4, 0.000000e+00
93, 5, 0.000000e+00
93, 91, -6.104928e+10
93, 93, 1.259580e+11
93, 95, -6.490872e+10
94, 0, 0.000000e+00
94, 1, 0.000000e+00
94, 2, 0.000000e+00
94, 3, 0.000000e+00
94, 4, 0.000000e+00
94, 5, 0.000000e+00
94, 92, -2.958000e+06
94, 94, 5.741000e+06
94, 96, -2.783000e+06
95, 0, 0.000000e+00
95, 1, 0.000000e+00
95, 2, 0.000000e+00
95, 3, 0.000000e+00
95, 4, 0.000000e+00
95, 5, 0.000000e+00
95, 93, -6.490872e+10
95, 95, 1.338990e+11
95, 97, -6.899030e+10
96, 0, 0.000000e+00
96, 1, 0.000000e+00
96, 2, 0.000000e+00
96, 3, 0.000000e+00
96, 4, 0.000000e+00
96, 5, 0.000000e+00
96, 94, -2.783000e+06
96, 96, 5.400000e+06
96, 98, -2.617000e+06
97, 0, 0.000000e+00
97, 1, 0.000000e+00
97, 2, 0.000000e+00
97, 3, 0.000000e+00
97, 4, 0.000000e+00
97, 5, 0.000000e+00
97, 95, -6.899030e+10
97, 97, 1.423567e+11
97, 99, -7.336645e+10
98, 0, 0.000000e+00
98, 1, 0.000000e+00
98, 2, 0.000000e+00
98, 3, 0.000000e+00
98, 4, 0.000000e+00
98, 5, 0.000000e+00
98, 96, -2.617000e+06
98, 98, 5.079000e+06
98, 100, -2.462000e+06
99, 0, 0.000000e+00
99, 1, 0.000000e+00
99, 2, 0.000000e+00
99, 3, 0.000000e+00
99, 4, 0.000000e+00
99, 5, 0.000000e+00
99, 97, -7.336645e+10
99, 99, 1.513518e+11
99, 101, -7.798538e+10
100, 0, 0.000000e+00
100, 1, 0.000000e+00
100, 2, 0.000000e+00
100, 3, 0.000000e+00
100, 4, 0.000000e+00
100, 5, 0.000000e+00
100, 98, -2.462000e+06
100, 100, 4.778000e+06
100, 102, -2.316000e+06
101, 0, 0.000000e+00
101, 1, 0.000000e+00
101, 2, 0.000000e+00
101, 3, 0.000000e+00
101, 4, 0.000000e+00
101, 5, 0.000000e+00
101, 99, -7.798538e+10
101, 101, 1.608869e+11
101, 103, -8.290155e+10
102, 0, 0.000000e+00
102, 1, 0.000000e+00
102, 2, 0.000000e+00
102, 3, 0.000000e+00
102, 4, 0.000000e+00
102, 5, 0.000000e+00
102, 100, -2.316000e+06
102, 102, 2.316000e+06
103, 0, 0.000000e+00
103, 1, 0.000000e+00
103, 2, 0.000000e+00
103, 3, 0.000000e+00
103, 4, 0.000000e+00
103, 5, 0.000000e+00
103, 101, -8.290155e+10
103, 103, 8.290155e+10
