# Static simulation
# Job: job_0002
# Scale: global
# Data key: U_global
# Timestamp (runner starts): 2025-02-19_17-43-38
# Data:
0.000000e+00
0.000000e+00
0.000000e+00
0.000000e+00
0.000000e+00
0.000000e+00
2.154003e-08
0.000000e+00
0.000000e+00
0.000000e+00
0.000000e+00
-2.621990e-06
4.409702e-08
0.000000e+00
0.000000e+00
0.000000e+00
0.000000e+00
-5.083551e-06
6.784584e-08
0.000000e+00
0.000000e+00
0.000000e+00
0.000000e+00
-7.392508e-06
9.242695e-08
0.000000e+00
0.000000e+00
0.000000e+00
0.000000e+00
-9.556172e-06
1.174145e-07
0.000000e+00
0.000000e+00
0.000000e+00
0.000000e+00
-1.158144e-05
1.424861e-07
0.000000e+00
0.000000e+00
0.000000e+00
0.000000e+00
-1.347512e-05
1.675227e-07
0.000000e+00
0.000000e+00
0.000000e+00
0.000000e+00
-1.524352e-05
1.924834e-07
0.000000e+00
0.000000e+00
0.000000e+00
0.000000e+00
-1.689274e-05
2.173282e-07
0.000000e+00
0.000000e+00
0.000000e+00
0.000000e+00
-1.842869e-05
2.420524e-07
0.000000e+00
0.000000e+00
0.000000e+00
0.000000e+00
-1.985700e-05
2.666699e-07
0.000000e+00
0.000000e+00
0.000000e+00
0.000000e+00
-2.118351e-05
2.912008e-07
0.000000e+00
0.000000e+00
0.000000e+00
0.000000e+00
-2.241357e-05
3.156500e-07
0.000000e+00
0.000000e+00
0.000000e+00
0.000000e+00
-2.355258e-05
3.400265e-07
0.000000e+00
0.000000e+00
0.000000e+00
0.000000e+00
-2.460550e-05
3.643342e-07
0.000000e+00
0.000000e+00
0.000000e+00
0.000000e+00
-2.557725e-05
3.885770e-07
0.000000e+00
0.000000e+00
0.000000e+00
0.000000e+00
-2.647257e-05
4.127779e-07
0.000000e+00
0.000000e+00
0.000000e+00
0.000000e+00
-2.729594e-05
4.369551e-07
0.000000e+00
0.000000e+00
0.000000e+00
0.000000e+00
-2.805178e-05
4.611201e-07
0.000000e+00
0.000000e+00
0.000000e+00
0.000000e+00
-2.874459e-05
4.853037e-07
0.000000e+00
0.000000e+00
0.000000e+00
0.000000e+00
-2.937847e-05
5.095248e-07
0.000000e+00
0.000000e+00
0.000000e+00
0.000000e+00
-2.995743e-05
5.337846e-07
0.000000e+00
0.000000e+00
0.000000e+00
0.000000e+00
-3.048526e-05
5.580825e-07
0.000000e+00
0.000000e+00
0.000000e+00
0.000000e+00
-3.096538e-05
5.824300e-07
0.000000e+00
0.000000e+00
0.000000e+00
0.000000e+00
-3.140097e-05
6.068251e-07
0.000000e+00
0.000000e+00
0.000000e+00
0.000000e+00
-3.179526e-05
6.312779e-07
0.000000e+00
0.000000e+00
0.000000e+00
0.000000e+00
-3.215106e-05
6.557853e-07
0.000000e+00
0.000000e+00
0.000000e+00
0.000000e+00
-3.247126e-05
6.803573e-07
0.000000e+00
0.000000e+00
0.000000e+00
0.000000e+00
-3.275842e-05
7.049937e-07
0.000000e+00
0.000000e+00
0.000000e+00
0.000000e+00
-3.301509e-05
7.296990e-07
0.000000e+00
0.000000e+00
0.000000e+00
0.000000e+00
-3.324366e-05
7.544734e-07
0.000000e+00
0.000000e+00
0.000000e+00
0.000000e+00
-3.344639e-05
7.793156e-07
0.000000e+00
0.000000e+00
0.000000e+00
0.000000e+00
-3.362539e-05
8.042176e-07
0.000000e+00
0.000000e+00
0.000000e+00
0.000000e+00
-3.378267e-05
8.291750e-07
0.000000e+00
0.000000e+00
0.000000e+00
0.000000e+00
-3.392007e-05
8.541726e-07
0.000000e+00
0.000000e+00
0.000000e+00
0.000000e+00
-3.403935e-05
8.792044e-07
0.000000e+00
0.000000e+00
0.000000e+00
0.000000e+00
-3.414213e-05
9.042417e-07
0.000000e+00
0.000000e+00
0.000000e+00
0.000000e+00
-3.423001e-05
9.292753e-07
0.000000e+00
0.000000e+00
0.000000e+00
0.000000e+00
-3.430440e-05
9.543209e-07
0.000000e+00
0.000000e+00
0.000000e+00
0.000000e+00
-3.436671e-05
9.794192e-07
0.000000e+00
0.000000e+00
0.000000e+00
0.000000e+00
-3.441821e-05
1.004618e-06
0.000000e+00
0.000000e+00
0.000000e+00
0.000000e+00
-3.446010e-05
1.029964e-06
0.000000e+00
0.000000e+00
0.000000e+00
0.000000e+00
-3.449351e-05
1.055528e-06
0.000000e+00
0.000000e+00
0.000000e+00
0.000000e+00
-3.451948e-05
1.081153e-06
0.000000e+00
0.000000e+00
0.000000e+00
0.000000e+00
-3.453898e-05
1.105631e-06
0.000000e+00
0.000000e+00
0.000000e+00
0.000000e+00
-3.455307e-05
1.127413e-06
0.000000e+00
0.000000e+00
0.000000e+00
0.000000e+00
-3.456276e-05
1.144958e-06
0.000000e+00
0.000000e+00
0.000000e+00
0.000000e+00
-3.456890e-05
1.156690e-06
0.000000e+00
0.000000e+00
0.000000e+00
0.000000e+00
-3.457221e-05
1.161019e-06
0.000000e+00
0.000000e+00
0.000000e+00
0.000000e+00
-3.457332e-05
0.000000e+00
0.000000e+00
0.000000e+00
0.000000e+00
0.000000e+00
0.000000e+00
0.000000e+00
0.000000e+00
0.000000e+00
0.000000e+00
0.000000e+00
0.000000e+00
0.000000e+00
0.000000e+00
0.000000e+00
0.000000e+00
0.000000e+00
0.000000e+00
0.000000e+00
0.000000e+00
0.000000e+00
0.000000e+00
0.000000e+00
0.000000e+00
0.000000e+00
0.000000e+00
0.000000e+00
0.000000e+00
0.000000e+00
0.000000e+00
0.000000e+00
0.000000e+00
0.000000e+00
0.000000e+00
0.000000e+00
0.000000e+00
0.000000e+00
0.000000e+00
0.000000e+00
0.000000e+00
0.000000e+00
0.000000e+00
0.000000e+00
0.000000e+00
0.000000e+00
0.000000e+00
0.000000e+00
0.000000e+00
0.000000e+00
0.000000e+00
0.000000e+00
0.000000e+00
0.000000e+00
0.000000e+00
0.000000e+00
0.000000e+00
0.000000e+00
0.000000e+00
0.000000e+00
0.000000e+00
0.000000e+00
0.000000e+00
0.000000e+00
0.000000e+00
0.000000e+00
0.000000e+00
0.000000e+00
0.000000e+00
0.000000e+00
0.000000e+00
0.000000e+00
0.000000e+00
0.000000e+00
0.000000e+00
0.000000e+00
0.000000e+00
0.000000e+00
0.000000e+00
0.000000e+00
0.000000e+00
0.000000e+00
0.000000e+00
0.000000e+00
0.000000e+00
0.000000e+00
0.000000e+00
0.000000e+00
0.000000e+00
0.000000e+00
0.000000e+00
0.000000e+00
0.000000e+00
0.000000e+00
0.000000e+00
0.000000e+00
0.000000e+00
0.000000e+00
0.000000e+00
0.000000e+00
0.000000e+00
0.000000e+00
0.000000e+00
0.000000e+00
0.000000e+00
0.000000e+00
0.000000e+00
0.000000e+00
0.000000e+00
0.000000e+00
0.000000e+00
0.000000e+00
0.000000e+00
0.000000e+00
0.000000e+00
0.000000e+00
0.000000e+00
0.000000e+00
0.000000e+00
0.000000e+00
0.000000e+00
0.000000e+00
0.000000e+00
0.000000e+00
0.000000e+00
0.000000e+00
0.000000e+00
0.000000e+00
0.000000e+00
0.000000e+00
0.000000e+00
0.000000e+00
0.000000e+00
0.000000e+00
0.000000e+00
0.000000e+00
0.000000e+00
0.000000e+00
0.000000e+00
0.000000e+00
0.000000e+00
0.000000e+00
0.000000e+00
0.000000e+00
0.000000e+00
0.000000e+00
0.000000e+00
0.000000e+00
0.000000e+00
0.000000e+00
0.000000e+00
0.000000e+00
0.000000e+00
0.000000e+00
0.000000e+00
0.000000e+00
0.000000e+00
0.000000e+00
0.000000e+00
0.000000e+00
0.000000e+00
0.000000e+00
0.000000e+00
0.000000e+00
0.000000e+00
0.000000e+00
0.000000e+00
0.000000e+00
0.000000e+00
0.000000e+00
0.000000e+00
0.000000e+00
0.000000e+00
0.000000e+00
0.000000e+00
0.000000e+00
0.000000e+00
0.000000e+00
0.000000e+00
0.000000e+00
0.000000e+00
0.000000e+00
0.000000e+00
0.000000e+00
0.000000e+00
0.000000e+00
0.000000e+00
0.000000e+00
0.000000e+00
0.000000e+00
0.000000e+00
0.000000e+00
0.000000e+00
0.000000e+00
0.000000e+00
0.000000e+00
0.000000e+00
0.000000e+00
0.000000e+00
0.000000e+00
0.000000e+00
0.000000e+00
0.000000e+00
0.000000e+00
0.000000e+00
0.000000e+00
0.000000e+00
0.000000e+00
0.000000e+00
0.000000e+00
0.000000e+00
0.000000e+00
0.000000e+00
0.000000e+00
0.000000e+00
0.000000e+00
0.000000e+00
0.000000e+00
0.000000e+00
0.000000e+00
0.000000e+00
0.000000e+00
0.000000e+00
0.000000e+00
0.000000e+00
0.000000e+00
0.000000e+00
0.000000e+00
0.000000e+00
0.000000e+00
0.000000e+00
0.000000e+00
0.000000e+00
0.000000e+00
0.000000e+00
0.000000e+00
0.000000e+00
0.000000e+00
0.000000e+00
0.000000e+00
0.000000e+00
0.000000e+00
0.000000e+00
0.000000e+00
0.000000e+00
0.000000e+00
0.000000e+00
0.000000e+00
0.000000e+00
0.000000e+00
0.000000e+00
0.000000e+00
0.000000e+00
0.000000e+00
0.000000e+00
0.000000e+00
0.000000e+00
0.000000e+00
0.000000e+00
0.000000e+00
0.000000e+00
0.000000e+00
0.000000e+00
0.000000e+00
0.000000e+00
0.000000e+00
0.000000e+00
0.000000e+00
0.000000e+00
0.000000e+00
0.000000e+00
0.000000e+00
0.000000e+00
0.000000e+00
0.000000e+00
0.000000e+00
0.000000e+00
0.000000e+00
0.000000e+00
0.000000e+00
0.000000e+00
0.000000e+00
0.000000e+00
0.000000e+00
0.000000e+00
0.000000e+00
0.000000e+00
0.000000e+00
0.000000e+00
0.000000e+00
0.000000e+00
0.000000e+00
0.000000e+00
0.000000e+00
0.000000e+00
0.000000e+00
0.000000e+00
0.000000e+00
0.000000e+00
0.000000e+00
0.000000e+00
