# Static simulation
# Job: job_0002
# Scale: global
# Data key: F_global
# Timestamp (runner starts): 2025-02-19_17-43-38
# Data:
1.591448e-02
1.390473e-02
0.000000e+00
0.000000e+00
0.000000e+00
-5.313491e+00
1.413411e-02
1.749569e-03
0.000000e+00
0.000000e+00
0.000000e+00
-2.178214e+01
8.972700e-03
-5.980761e-04
0.000000e+00
0.000000e+00
0.000000e+00
-3.208461e+01
2.429626e-02
-1.014206e-03
0.000000e+00
0.000000e+00
0.000000e+00
-4.301278e+01
3.925127e-02
-2.243549e-03
0.000000e+00
0.000000e+00
0.000000e+00
-5.525872e+01
4.809026e-02
1.343468e-04
0.000000e+00
0.000000e+00
0.000000e+00
-6.771747e+01
4.902163e-02
-1.396566e-03
0.000000e+00
0.000000e+00
0.000000e+00
-8.124850e+01
4.723028e-02
-1.488379e-03
0.000000e+00
0.000000e+00
0.000000e+00
-9.513067e+01
4.534170e-02
-1.667402e-03
0.000000e+00
0.000000e+00
0.000000e+00
-1.100270e+02
4.261699e-02
-1.336712e-03
0.000000e+00
0.000000e+00
0.000000e+00
-1.246005e+02
3.951843e-02
-1.218965e-03
0.000000e+00
0.000000e+00
0.000000e+00
-1.381279e+02
3.664387e-02
-7.256521e-04
0.000000e+00
0.000000e+00
0.000000e+00
-1.514398e+02
3.419169e-02
-7.936080e-04
0.000000e+00
0.000000e+00
0.000000e+00
-1.651117e+02
3.192397e-02
-3.716234e-04
0.000000e+00
0.000000e+00
0.000000e+00
-1.790953e+02
2.984739e-02
-3.513640e-04
0.000000e+00
0.000000e+00
0.000000e+00
-1.927820e+02
2.791814e-02
-4.561241e-04
0.000000e+00
0.000000e+00
0.000000e+00
-2.061670e+02
2.582959e-02
-1.133463e-03
0.000000e+00
0.000000e+00
0.000000e+00
-2.195744e+02
2.401063e-02
-6.033853e-04
0.000000e+00
0.000000e+00
0.000000e+00
-2.307377e+02
2.232424e-02
2.321070e-04
0.000000e+00
0.000000e+00
0.000000e+00
-2.405260e+02
2.062375e-02
-1.200373e-04
0.000000e+00
0.000000e+00
0.000000e+00
-2.493621e+02
1.915456e-02
-1.721839e-04
0.000000e+00
0.000000e+00
0.000000e+00
-2.577638e+02
1.801224e-02
3.006425e-04
0.000000e+00
0.000000e+00
0.000000e+00
-2.663032e+02
1.698505e-02
-1.761777e-04
0.000000e+00
0.000000e+00
0.000000e+00
-2.763951e+02
1.592033e-02
-3.170210e-04
0.000000e+00
0.000000e+00
0.000000e+00
-2.862333e+02
1.495555e-02
-2.360690e-04
0.000000e+00
0.000000e+00
0.000000e+00
-2.956808e+02
1.406787e-02
-2.462639e-04
0.000000e+00
0.000000e+00
0.000000e+00
-3.046034e+02
1.323047e-02
-1.358498e-04
0.000000e+00
0.000000e+00
0.000000e+00
-3.129669e+02
1.244850e-02
-3.085085e-04
0.000000e+00
0.000000e+00
0.000000e+00
-3.207275e+02
1.170510e-02
-2.273758e-04
0.000000e+00
0.000000e+00
0.000000e+00
-3.274841e+02
1.101852e-02
-1.681252e-04
0.000000e+00
0.000000e+00
0.000000e+00
-3.331837e+02
1.038947e-02
-1.390700e-04
0.000000e+00
0.000000e+00
0.000000e+00
-3.380487e+02
9.811251e-03
-7.709846e-05
0.000000e+00
0.000000e+00
0.000000e+00
-3.421276e+02
9.295334e-03
-3.507086e-05
0.000000e+00
0.000000e+00
0.000000e+00
-3.455895e+02
8.817529e-03
-2.208172e-05
0.000000e+00
0.000000e+00
0.000000e+00
-3.484503e+02
8.365752e-03
-1.730724e-04
0.000000e+00
0.000000e+00
0.000000e+00
-3.505648e+02
7.948837e-03
-1.283708e-04
0.000000e+00
0.000000e+00
0.000000e+00
-3.514805e+02
7.583353e-03
3.008666e-05
0.000000e+00
0.000000e+00
0.000000e+00
-3.508837e+02
7.202039e-03
-2.675844e-04
0.000000e+00
0.000000e+00
0.000000e+00
-3.490259e+02
6.682939e-03
5.730603e-05
0.000000e+00
0.000000e+00
0.000000e+00
-3.449335e+02
6.149974e-03
-1.367909e-04
0.000000e+00
0.000000e+00
0.000000e+00
-3.398572e+02
5.618934e-03
8.033177e-05
0.000000e+00
0.000000e+00
0.000000e+00
-3.323205e+02
5.120198e-03
-1.721858e-04
0.000000e+00
0.000000e+00
0.000000e+00
-3.240681e+02
4.644172e-03
1.148970e-04
0.000000e+00
0.000000e+00
0.000000e+00
-3.124702e+02
4.873136e-03
-1.391128e-03
0.000000e+00
0.000000e+00
0.000000e+00
-3.013957e+02
8.181633e-03
2.618264e-04
0.000000e+00
0.000000e+00
0.000000e+00
-2.759507e+02
1.178648e-02
2.304911e-04
0.000000e+00
0.000000e+00
0.000000e+00
-2.461192e+02
1.470500e-02
2.056508e-04
0.000000e+00
0.000000e+00
0.000000e+00
-2.180549e+02
1.703239e-02
1.806086e-04
0.000000e+00
0.000000e+00
0.000000e+00
-1.916610e+02
1.885588e-02
1.600396e-04
0.000000e+00
0.000000e+00
0.000000e+00
-1.668332e+02
1.002707e-02
1.230568e-03
0.000000e+00
0.000000e+00
0.000000e+00
-9.182896e+01
0.000000e+00
0.000000e+00
0.000000e+00
0.000000e+00
0.000000e+00
0.000000e+00
0.000000e+00
0.000000e+00
0.000000e+00
0.000000e+00
0.000000e+00
0.000000e+00
0.000000e+00
0.000000e+00
0.000000e+00
0.000000e+00
0.000000e+00
0.000000e+00
0.000000e+00
0.000000e+00
0.000000e+00
0.000000e+00
0.000000e+00
0.000000e+00
0.000000e+00
0.000000e+00
0.000000e+00
0.000000e+00
0.000000e+00
0.000000e+00
0.000000e+00
0.000000e+00
0.000000e+00
0.000000e+00
0.000000e+00
0.000000e+00
0.000000e+00
0.000000e+00
0.000000e+00
0.000000e+00
0.000000e+00
0.000000e+00
0.000000e+00
0.000000e+00
0.000000e+00
0.000000e+00
0.000000e+00
0.000000e+00
0.000000e+00
0.000000e+00
0.000000e+00
0.000000e+00
0.000000e+00
0.000000e+00
0.000000e+00
0.000000e+00
0.000000e+00
0.000000e+00
0.000000e+00
0.000000e+00
0.000000e+00
0.000000e+00
0.000000e+00
0.000000e+00
0.000000e+00
0.000000e+00
0.000000e+00
0.000000e+00
0.000000e+00
0.000000e+00
0.000000e+00
0.000000e+00
0.000000e+00
0.000000e+00
0.000000e+00
0.000000e+00
0.000000e+00
0.000000e+00
0.000000e+00
0.000000e+00
0.000000e+00
0.000000e+00
0.000000e+00
0.000000e+00
0.000000e+00
0.000000e+00
0.000000e+00
0.000000e+00
0.000000e+00
0.000000e+00
0.000000e+00
0.000000e+00
0.000000e+00
0.000000e+00
0.000000e+00
0.000000e+00
0.000000e+00
0.000000e+00
0.000000e+00
0.000000e+00
0.000000e+00
0.000000e+00
0.000000e+00
0.000000e+00
0.000000e+00
0.000000e+00
0.000000e+00
0.000000e+00
0.000000e+00
0.000000e+00
0.000000e+00
0.000000e+00
0.000000e+00
0.000000e+00
0.000000e+00
0.000000e+00
0.000000e+00
0.000000e+00
0.000000e+00
0.000000e+00
0.000000e+00
0.000000e+00
0.000000e+00
0.000000e+00
0.000000e+00
0.000000e+00
0.000000e+00
0.000000e+00
0.000000e+00
0.000000e+00
0.000000e+00
0.000000e+00
0.000000e+00
0.000000e+00
0.000000e+00
0.000000e+00
0.000000e+00
0.000000e+00
0.000000e+00
0.000000e+00
0.000000e+00
0.000000e+00
0.000000e+00
0.000000e+00
0.000000e+00
0.000000e+00
0.000000e+00
0.000000e+00
0.000000e+00
0.000000e+00
0.000000e+00
0.000000e+00
0.000000e+00
0.000000e+00
0.000000e+00
0.000000e+00
0.000000e+00
0.000000e+00
0.000000e+00
0.000000e+00
0.000000e+00
0.000000e+00
0.000000e+00
0.000000e+00
0.000000e+00
0.000000e+00
0.000000e+00
0.000000e+00
0.000000e+00
0.000000e+00
0.000000e+00
0.000000e+00
0.000000e+00
0.000000e+00
0.000000e+00
0.000000e+00
0.000000e+00
0.000000e+00
0.000000e+00
0.000000e+00
0.000000e+00
0.000000e+00
0.000000e+00
0.000000e+00
0.000000e+00
0.000000e+00
0.000000e+00
0.000000e+00
0.000000e+00
0.000000e+00
0.000000e+00
0.000000e+00
0.000000e+00
0.000000e+00
0.000000e+00
0.000000e+00
0.000000e+00
0.000000e+00
0.000000e+00
0.000000e+00
0.000000e+00
0.000000e+00
0.000000e+00
0.000000e+00
0.000000e+00
0.000000e+00
0.000000e+00
0.000000e+00
0.000000e+00
0.000000e+00
0.000000e+00
0.000000e+00
0.000000e+00
0.000000e+00
0.000000e+00
0.000000e+00
0.000000e+00
0.000000e+00
0.000000e+00
0.000000e+00
0.000000e+00
0.000000e+00
0.000000e+00
0.000000e+00
0.000000e+00
0.000000e+00
0.000000e+00
0.000000e+00
0.000000e+00
0.000000e+00
0.000000e+00
0.000000e+00
0.000000e+00
0.000000e+00
0.000000e+00
0.000000e+00
0.000000e+00
0.000000e+00
0.000000e+00
0.000000e+00
0.000000e+00
0.000000e+00
0.000000e+00
0.000000e+00
0.000000e+00
0.000000e+00
0.000000e+00
0.000000e+00
0.000000e+00
0.000000e+00
0.000000e+00
0.000000e+00
0.000000e+00
0.000000e+00
0.000000e+00
0.000000e+00
0.000000e+00
0.000000e+00
0.000000e+00
0.000000e+00
0.000000e+00
0.000000e+00
0.000000e+00
0.000000e+00
0.000000e+00
0.000000e+00
0.000000e+00
0.000000e+00
0.000000e+00
0.000000e+00
0.000000e+00
0.000000e+00
0.000000e+00
0.000000e+00
0.000000e+00
0.000000e+00
0.000000e+00
0.000000e+00
0.000000e+00
0.000000e+00
0.000000e+00
0.000000e+00
0.000000e+00
0.000000e+00
0.000000e+00
0.000000e+00
0.000000e+00
0.000000e+00
0.000000e+00
0.000000e+00
0.000000e+00
0.000000e+00
0.000000e+00
0.000000e+00
0.000000e+00
0.000000e+00
0.000000e+00
0.000000e+00
0.000000e+00
0.000000e+00
