# Static simulation
# Job: job_0002
# Scale: global
# Data key: R_global
# Timestamp (runner starts): 2025-02-19_17-43-38
# Data:
0.000000e+00
0.000000e+00
0.000000e+00
0.000000e+00
0.000000e+00
0.000000e+00
1.413411e-02
0.000000e+00
0.000000e+00
0.000000e+00
0.000000e+00
-2.178214e+01
8.972700e-03
0.000000e+00
0.000000e+00
0.000000e+00
0.000000e+00
-3.208461e+01
2.429626e-02
0.000000e+00
0.000000e+00
0.000000e+00
0.000000e+00
-4.301278e+01
3.925127e-02
0.000000e+00
0.000000e+00
0.000000e+00
0.000000e+00
-5.525872e+01
4.809026e-02
0.000000e+00
0.000000e+00
0.000000e+00
0.000000e+00
-6.771747e+01
4.902163e-02
0.000000e+00
0.000000e+00
0.000000e+00
0.000000e+00
-8.124850e+01
4.723028e-02
0.000000e+00
0.000000e+00
0.000000e+00
0.000000e+00
-9.513067e+01
4.534170e-02
0.000000e+00
0.000000e+00
0.000000e+00
0.000000e+00
-1.100270e+02
4.261699e-02
0.000000e+00
0.000000e+00
0.000000e+00
0.000000e+00
-1.246005e+02
3.951843e-02
0.000000e+00
0.000000e+00
0.000000e+00
0.000000e+00
-1.381279e+02
3.664387e-02
0.000000e+00
0.000000e+00
0.000000e+00
0.000000e+00
-1.514398e+02
3.419169e-02
0.000000e+00
0.000000e+00
0.000000e+00
0.000000e+00
-1.651117e+02
3.192397e-02
0.000000e+00
0.000000e+00
0.000000e+00
0.000000e+00
-1.790953e+02
2.984739e-02
0.000000e+00
0.000000e+00
0.000000e+00
0.000000e+00
-1.927820e+02
2.791814e-02
0.000000e+00
0.000000e+00
0.000000e+00
0.000000e+00
-2.061670e+02
2.582959e-02
0.000000e+00
0.000000e+00
0.000000e+00
0.000000e+00
-2.195744e+02
2.401063e-02
0.000000e+00
0.000000e+00
0.000000e+00
0.000000e+00
-2.307377e+02
2.232424e-02
0.000000e+00
0.000000e+00
0.000000e+00
0.000000e+00
-2.405260e+02
2.062375e-02
0.000000e+00
0.000000e+00
0.000000e+00
0.000000e+00
-2.493621e+02
1.915456e-02
0.000000e+00
0.000000e+00
0.000000e+00
0.000000e+00
-2.577638e+02
1.801224e-02
0.000000e+00
0.000000e+00
0.000000e+00
0.000000e+00
-2.663032e+02
1.698505e-02
0.000000e+00
0.000000e+00
0.000000e+00
0.000000e+00
-2.763951e+02
1.592033e-02
0.000000e+00
0.000000e+00
0.000000e+00
0.000000e+00
-2.862333e+02
1.495555e-02
0.000000e+00
0.000000e+00
0.000000e+00
0.000000e+00
-2.956808e+02
1.406787e-02
0.000000e+00
0.000000e+00
0.000000e+00
0.000000e+00
-3.046034e+02
1.323047e-02
0.000000e+00
0.000000e+00
0.000000e+00
0.000000e+00
-3.129669e+02
1.244850e-02
0.000000e+00
0.000000e+00
0.000000e+00
0.000000e+00
-3.207275e+02
1.170510e-02
0.000000e+00
0.000000e+00
0.000000e+00
0.000000e+00
-3.274841e+02
1.101852e-02
0.000000e+00
0.000000e+00
0.000000e+00
0.000000e+00
-3.331837e+02
1.038947e-02
0.000000e+00
0.000000e+00
0.000000e+00
0.000000e+00
-3.380487e+02
9.811251e-03
0.000000e+00
0.000000e+00
0.000000e+00
0.000000e+00
-3.421276e+02
9.295334e-03
0.000000e+00
0.000000e+00
0.000000e+00
0.000000e+00
-3.455895e+02
8.817529e-03
0.000000e+00
0.000000e+00
0.000000e+00
0.000000e+00
-3.484503e+02
8.365752e-03
0.000000e+00
0.000000e+00
0.000000e+00
0.000000e+00
-3.505648e+02
7.948837e-03
0.000000e+00
0.000000e+00
0.000000e+00
0.000000e+00
-3.514805e+02
7.583353e-03
0.000000e+00
0.000000e+00
0.000000e+00
0.000000e+00
-3.508837e+02
7.202039e-03
0.000000e+00
0.000000e+00
0.000000e+00
0.000000e+00
-3.490259e+02
6.682939e-03
0.000000e+00
0.000000e+00
0.000000e+00
0.000000e+00
-3.449335e+02
6.149974e-03
0.000000e+00
0.000000e+00
0.000000e+00
0.000000e+00
-3.398572e+02
5.618934e-03
0.000000e+00
0.000000e+00
0.000000e+00
0.000000e+00
-3.323205e+02
5.120198e-03
0.000000e+00
0.000000e+00
0.000000e+00
0.000000e+00
-3.240681e+02
4.644172e-03
0.000000e+00
0.000000e+00
0.000000e+00
0.000000e+00
-3.124702e+02
4.873136e-03
0.000000e+00
0.000000e+00
0.000000e+00
0.000000e+00
-3.013957e+02
8.181633e-03
0.000000e+00
0.000000e+00
0.000000e+00
0.000000e+00
-2.759507e+02
1.178648e-02
0.000000e+00
0.000000e+00
0.000000e+00
0.000000e+00
-2.461192e+02
1.470500e-02
0.000000e+00
0.000000e+00
0.000000e+00
0.000000e+00
-2.180549e+02
1.703239e-02
0.000000e+00
0.000000e+00
0.000000e+00
0.000000e+00
-1.916610e+02
1.885588e-02
0.000000e+00
0.000000e+00
0.000000e+00
0.000000e+00
-1.668332e+02
1.002707e-02
0.000000e+00
0.000000e+00
0.000000e+00
0.000000e+00
-9.182896e+01
0.000000e+00
0.000000e+00
0.000000e+00
0.000000e+00
0.000000e+00
0.000000e+00
0.000000e+00
0.000000e+00
0.000000e+00
0.000000e+00
0.000000e+00
0.000000e+00
0.000000e+00
0.000000e+00
0.000000e+00
0.000000e+00
0.000000e+00
0.000000e+00
0.000000e+00
0.000000e+00
0.000000e+00
0.000000e+00
0.000000e+00
0.000000e+00
0.000000e+00
0.000000e+00
0.000000e+00
0.000000e+00
0.000000e+00
0.000000e+00
0.000000e+00
0.000000e+00
0.000000e+00
0.000000e+00
0.000000e+00
0.000000e+00
0.000000e+00
0.000000e+00
0.000000e+00
0.000000e+00
0.000000e+00
0.000000e+00
0.000000e+00
0.000000e+00
0.000000e+00
0.000000e+00
0.000000e+00
0.000000e+00
0.000000e+00
0.000000e+00
0.000000e+00
0.000000e+00
0.000000e+00
0.000000e+00
0.000000e+00
0.000000e+00
0.000000e+00
0.000000e+00
0.000000e+00
0.000000e+00
0.000000e+00
0.000000e+00
0.000000e+00
0.000000e+00
0.000000e+00
0.000000e+00
0.000000e+00
0.000000e+00
0.000000e+00
0.000000e+00
0.000000e+00
0.000000e+00
0.000000e+00
0.000000e+00
0.000000e+00
0.000000e+00
0.000000e+00
0.000000e+00
0.000000e+00
0.000000e+00
0.000000e+00
0.000000e+00
0.000000e+00
0.000000e+00
0.000000e+00
0.000000e+00
0.000000e+00
0.000000e+00
0.000000e+00
0.000000e+00
0.000000e+00
0.000000e+00
0.000000e+00
0.000000e+00
0.000000e+00
0.000000e+00
0.000000e+00
0.000000e+00
0.000000e+00
0.000000e+00
0.000000e+00
0.000000e+00
0.000000e+00
0.000000e+00
0.000000e+00
0.000000e+00
0.000000e+00
0.000000e+00
0.000000e+00
0.000000e+00
0.000000e+00
0.000000e+00
0.000000e+00
0.000000e+00
0.000000e+00
0.000000e+00
0.000000e+00
0.000000e+00
0.000000e+00
0.000000e+00
0.000000e+00
0.000000e+00
0.000000e+00
0.000000e+00
0.000000e+00
0.000000e+00
0.000000e+00
0.000000e+00
0.000000e+00
0.000000e+00
0.000000e+00
0.000000e+00
0.000000e+00
0.000000e+00
0.000000e+00
0.000000e+00
0.000000e+00
0.000000e+00
0.000000e+00
0.000000e+00
0.000000e+00
0.000000e+00
0.000000e+00
0.000000e+00
0.000000e+00
0.000000e+00
0.000000e+00
0.000000e+00
0.000000e+00
0.000000e+00
0.000000e+00
0.000000e+00
0.000000e+00
0.000000e+00
0.000000e+00
0.000000e+00
0.000000e+00
0.000000e+00
0.000000e+00
0.000000e+00
0.000000e+00
0.000000e+00
0.000000e+00
0.000000e+00
0.000000e+00
0.000000e+00
0.000000e+00
0.000000e+00
0.000000e+00
0.000000e+00
0.000000e+00
0.000000e+00
0.000000e+00
0.000000e+00
0.000000e+00
0.000000e+00
0.000000e+00
0.000000e+00
0.000000e+00
0.000000e+00
0.000000e+00
0.000000e+00
0.000000e+00
0.000000e+00
0.000000e+00
0.000000e+00
0.000000e+00
0.000000e+00
0.000000e+00
0.000000e+00
0.000000e+00
0.000000e+00
0.000000e+00
0.000000e+00
0.000000e+00
0.000000e+00
0.000000e+00
0.000000e+00
0.000000e+00
0.000000e+00
0.000000e+00
0.000000e+00
0.000000e+00
0.000000e+00
0.000000e+00
0.000000e+00
0.000000e+00
0.000000e+00
0.000000e+00
0.000000e+00
0.000000e+00
0.000000e+00
0.000000e+00
0.000000e+00
0.000000e+00
0.000000e+00
0.000000e+00
0.000000e+00
0.000000e+00
0.000000e+00
0.000000e+00
0.000000e+00
0.000000e+00
0.000000e+00
0.000000e+00
0.000000e+00
0.000000e+00
0.000000e+00
0.000000e+00
0.000000e+00
0.000000e+00
0.000000e+00
0.000000e+00
0.000000e+00
0.000000e+00
0.000000e+00
0.000000e+00
0.000000e+00
0.000000e+00
0.000000e+00
0.000000e+00
0.000000e+00
0.000000e+00
0.000000e+00
0.000000e+00
0.000000e+00
0.000000e+00
0.000000e+00
0.000000e+00
0.000000e+00
0.000000e+00
0.000000e+00
0.000000e+00
0.000000e+00
0.000000e+00
0.000000e+00
0.000000e+00
0.000000e+00
0.000000e+00
0.000000e+00
0.000000e+00
0.000000e+00
0.000000e+00
0.000000e+00
0.000000e+00
0.000000e+00
0.000000e+00
0.000000e+00
0.000000e+00
0.000000e+00
0.000000e+00
0.000000e+00
0.000000e+00
0.000000e+00
0.000000e+00
0.000000e+00
0.000000e+00
0.000000e+00
0.000000e+00
0.000000e+00
0.000000e+00
0.000000e+00
0.000000e+00
0.000000e+00
0.000000e+00
0.000000e+00
0.000000e+00
0.000000e+00
0.000000e+00
0.000000e+00
0.000000e+00
0.000000e+00
0.000000e+00
0.000000e+00
0.000000e+00
0.000000e+00
0.000000e+00
0.000000e+00
0.000000e+00
0.000000e+00
