# Static simulation
# Job: job_0001
# Scale: global
# Data key: R_cond
# Timestamp (runner starts): 2025-04-25_14-49-24
# Data:
0.000000e+00
1.490116e-08
0.000000e+00
0.000000e+00
0.000000e+00
1.490116e-08
0.000000e+00
-8.940697e-08
0.000000e+00
0.000000e+00
0.000000e+00
0.000000e+00
0.000000e+00
5.960464e-08
0.000000e+00
0.000000e+00
0.000000e+00
1.490116e-08
0.000000e+00
-8.940697e-08
0.000000e+00
0.000000e+00
0.000000e+00
1.937151e-07
0.000000e+00
2.980232e-08
0.000000e+00
0.000000e+00
0.000000e+00
-5.960464e-08
0.000000e+00
0.000000e+00
0.000000e+00
0.000000e+00
0.000000e+00
2.980232e-08
0.000000e+00
1.192093e-07
0.000000e+00
0.000000e+00
0.000000e+00
1.788139e-07
0.000000e+00
-6.556511e-07
0.000000e+00
0.000000e+00
0.000000e+00
4.172325e-07
0.000000e+00
4.172325e-07
0.000000e+00
0.000000e+00
0.000000e+00
2.384186e-07
0.000000e+00
-4.172325e-07
0.000000e+00
0.000000e+00
0.000000e+00
4.470348e-07
