# Static simulation
# Job: job_0005
# Scale: global
# Data key: U_cond
# Timestamp (runner starts): 2025-03-16_22-21-32
# Data:
0.000000e+00
-2.235196e-10
0.000000e+00
0.000000e+00
-4.221113e-09
0.000000e+00
0.000000e+00
-6.963140e-10
0.000000e+00
0.000000e+00
-3.298714e-09
0.000000e+00
0.000000e+00
-1.105281e-09
0.000000e+00
0.000000e+00
-3.320187e-09
0.000000e+00
0.000000e+00
-1.502563e-09
0.000000e+00
0.000000e+00
-3.068050e-09
0.000000e+00
0.000000e+00
-1.867253e-09
0.000000e+00
0.000000e+00
-2.785836e-09
0.000000e+00
0.000000e+00
-2.193047e-09
0.000000e+00
0.000000e+00
-2.424647e-09
0.000000e+00
0.000000e+00
-2.470755e-09
0.000000e+00
0.000000e+00
-1.995224e-09
0.000000e+00
0.000000e+00
-2.691597e-09
0.000000e+00
0.000000e+00
-1.490608e-09
-0.000000e+00
0.000000e+00
-2.847548e-09
0.000000e+00
0.000000e+00
-9.362498e-10
0.000000e+00
0.000000e+00
-2.926238e-09
-0.000000e+00
0.000000e+00
-2.067621e-10
0.000000e+00
