# Static simulation
# Job: job_0005
# Scale: global
# Data key: R_cond
# Timestamp (runner starts): 2025-04-07_13-53-58
# Data:
0.000000e+00
-4.236881e-09
0.000000e+00
0.000000e+00
0.000000e+00
9.313226e-10
0.000000e+00
1.087710e-08
0.000000e+00
0.000000e+00
0.000000e+00
9.313226e-10
0.000000e+00
-1.000344e-07
0.000000e+00
0.000000e+00
0.000000e+00
-2.793968e-09
0.000000e+00
4.436897e-07
0.000000e+00
0.000000e+00
0.000000e+00
-1.862645e-09
0.000000e+00
-1.177468e-07
0.000000e+00
0.000000e+00
0.000000e+00
3.725290e-09
0.000000e+00
4.198773e-08
0.000000e+00
0.000000e+00
0.000000e+00
-1.303852e-08
0.000000e+00
2.604211e-07
0.000000e+00
0.000000e+00
0.000000e+00
-7.450581e-09
0.000000e+00
7.355302e-07
0.000000e+00
0.000000e+00
0.000000e+00
2.421439e-08
0.000000e+00
3.377609e-07
0.000000e+00
0.000000e+00
0.000000e+00
5.029142e-08
0.000000e+00
-4.314970e-07
0.000000e+00
0.000000e+00
0.000000e+00
5.494803e-08
