# Static simulation
# Job: job_0003
# Scale: global
# Data key: R_cond
# Timestamp (runner starts): 2025-03-17_10-25-44
# Data:
0.000000e+00
1.164153e-10
0.000000e+00
0.000000e+00
-1.455192e-11
0.000000e+00
0.000000e+00
3.783498e-10
0.000000e+00
0.000000e+00
5.456968e-11
0.000000e+00
0.000000e+00
-7.348717e-10
0.000000e+00
0.000000e+00
-4.320100e-11
0.000000e+00
0.000000e+00
1.682565e-10
0.000000e+00
0.000000e+00
-1.458034e-10
0.000000e+00
0.000000e+00
1.252147e-09
0.000000e+00
0.000000e+00
-2.060574e-12
0.000000e+00
0.000000e+00
9.863754e-10
0.000000e+00
0.000000e+00
-3.763745e-11
0.000000e+00
0.000000e+00
5.626646e-10
0.000000e+00
0.000000e+00
1.150311e-10
0.000000e+00
0.000000e+00
-1.501958e-09
0.000000e+00
0.000000e+00
-1.072824e-10
0.000000e+00
0.000000e+00
7.591063e-10
0.000000e+00
0.000000e+00
3.759110e-11
0.000000e+00
0.000000e+00
-1.690429e-09
0.000000e+00
0.000000e+00
-3.395556e-11
0.000000e+00
