# Static simulation
# Job: job_0006
# Scale: global
# Data key: F_mod
# Timestamp (runner starts): 2025-03-03_09-41-10
# Data:
0.000000e+00
0.000000e+00
0.000000e+00
0.000000e+00
0.000000e+00
0.000000e+00
0.000000e+00
-4.500136e+00
0.000000e+00
0.000000e+00
0.000000e+00
0.000000e+00
0.000000e+00
-2.048112e+01
0.000000e+00
0.000000e+00
0.000000e+00
0.000000e+00
0.000000e+00
-5.244307e+01
0.000000e+00
0.000000e+00
0.000000e+00
0.000000e+00
0.000000e+00
-1.003525e+02
0.000000e+00
0.000000e+00
0.000000e+00
0.000000e+00
0.000000e+00
-1.643240e+02
0.000000e+00
0.000000e+00
0.000000e+00
0.000000e+00
0.000000e+00
-2.443461e+02
0.000000e+00
0.000000e+00
0.000000e+00
0.000000e+00
0.000000e+00
-3.403860e+02
0.000000e+00
0.000000e+00
0.000000e+00
0.000000e+00
0.000000e+00
-4.524431e+02
0.000000e+00
0.000000e+00
0.000000e+00
0.000000e+00
0.000000e+00
-5.804811e+02
0.000000e+00
0.000000e+00
0.000000e+00
0.000000e+00
0.000000e+00
-7.079605e+02
0.000000e+00
0.000000e+00
0.000000e+00
0.000000e+00
