# Static simulation
# Job: job_0001
# Scale: global
# Data key: R_cond
# Timestamp (runner starts): 2025-03-02_19-34-32
# Data:
0.000000e+00
0.000000e+00
0.000000e+00
0.000000e+00
0.000000e+00
0.000000e+00
0.000000e+00
0.000000e+00
0.000000e+00
0.000000e+00
0.000000e+00
0.000000e+00
0.000000e+00
0.000000e+00
0.000000e+00
0.000000e+00
0.000000e+00
0.000000e+00
0.000000e+00
0.000000e+00
0.000000e+00
0.000000e+00
0.000000e+00
0.000000e+00
0.000000e+00
8.324593e-03
0.000000e+00
0.000000e+00
0.000000e+00
0.000000e+00
0.000000e+00
-2.775558e-17
0.000000e+00
0.000000e+00
0.000000e+00
0.000000e+00
0.000000e+00
2.220446e-16
0.000000e+00
0.000000e+00
0.000000e+00
0.000000e+00
0.000000e+00
1.776357e-15
0.000000e+00
0.000000e+00
0.000000e+00
0.000000e+00
0.000000e+00
-5.684342e-14
0.000000e+00
0.000000e+00
0.000000e+00
0.000000e+00
0.000000e+00
0.000000e+00
0.000000e+00
0.000000e+00
0.000000e+00
0.000000e+00
