# Static simulation
# Job: job_0001
# Scale: global
# Data key: U_global
# Timestamp (runner starts): 2025-03-02_19-34-32
# Data:
0.000000e+00
0.000000e+00
0.000000e+00
0.000000e+00
0.000000e+00
0.000000e+00
0.000000e+00
0.000000e+00
0.000000e+00
0.000000e+00
0.000000e+00
0.000000e+00
0.000000e+00
0.000000e+00
0.000000e+00
0.000000e+00
0.000000e+00
0.000000e+00
0.000000e+00
0.000000e+00
0.000000e+00
0.000000e+00
0.000000e+00
0.000000e+00
0.000000e+00
0.000000e+00
0.000000e+00
0.000000e+00
0.000000e+00
0.000000e+00
0.000000e+00
0.000000e+00
0.000000e+00
0.000000e+00
0.000000e+00
0.000000e+00
0.000000e+00
-5.845922e-06
0.000000e+00
0.000000e+00
0.000000e+00
0.000000e+00
0.000000e+00
-7.015106e-05
0.000000e+00
0.000000e+00
0.000000e+00
0.000000e+00
0.000000e+00
-8.359668e-04
0.000000e+00
0.000000e+00
0.000000e+00
0.000000e+00
0.000000e+00
-9.961451e-03
0.000000e+00
0.000000e+00
0.000000e+00
0.000000e+00
0.000000e+00
-1.187014e-01
0.000000e+00
0.000000e+00
0.000000e+00
0.000000e+00
